X Y BB BW
0.2475 0.619233955174818 0.359823760555501 0.70455491619579
0.18181818 0.238226406432843 0.189364579227528 0.249084590123535
0.13550136 0.537235943852212 0.220279098467224 0.586915702296917
0.1884058 0.575782911919656 0.145605099609689 0.675645620241757
0.072625698 0.599687867163562 0.0460702616148020 0.643043462570245
0.11002445 0.391734051886240 0.189872007481275 0.416689524439988
0.13636364 0.829232427543252 0.84107402660548 0.8273627013178
0.086021505 0.622632444768926 0.305283271951474 0.652500602067596
0.10569106 0.493755031300705 0.112849166696039 0.538771180407169
0.10769231 0.586701380271343 0.241038299439031 0.628419339304677
0.2421875 0.518140539849659 0.187652050587034 0.623760572500601
0.1233279 0.473924133854944 0.372975396055894 0.488125333870785
0.17105263 0.499537356798378 0.489130658771395 0.501684770653049
0.22273074 0.789010300195643 0.611196537063432 0.839963802518149
0.19007392 0.63342555733941 0.242841381434840 0.725088077213016
0.28571429 0.432143205924388 0.135348465458382 0.550861104603867
0.18181818 0.823496321153653 0.484803916362123 0.89876129907631
0.5125 0.301284615139361 0.137765676089876 0.473189140806768
0.095238095 0.279730869129243 0.0259204094838067 0.306447759544413
0.38888889 0.788599982166276 0.834980503671832 0.759085104706568
0.23636364 0.235028882503973 0.0732114967741907 0.285115217191304
0.36363636 0.381218793472881 0.251859713604895 0.455138266521566
0.069444444 0.318001309298742 0.0625343531513925 0.337066007387574
0.24489796 0.910267981869493 0.79582276415808 0.947385349939748
0.16 0.469201033030379 0.0460333080324613 0.549804409220458
0.16197183 0.625651795922158 0.369144054457513 0.675228922063628
0.12688698 0.657040165519485 0.131418320414973 0.733427262057502
0.16352201 0.641453653602702 0.252218326882168 0.717544768669995
0.27692308 0.540443630846445 0.070408892857787 0.720456937523156
0.50980392 0.887736502615243 0.806071672182167 0.972667925732533
0.1 0.610861372616577 0.274162976115163 0.648272305561178
0.17344173 0.508632430490235 0.374203802079216 0.536840404107308
0.10375276 0.553495016368927 0.0679112940033105 0.609707910711014
0.29146919 0.592085067959841 0.274287082520336 0.722818015761622
0.25806452 0.822510567343452 0.849478901568578 0.813130276988545
0.4025974 0.778445928169092 0.759707484102765 0.791074009903502
0.11134454 0.403839515625021 0.392301929193458 0.405285123413143
0.2971246 0.360255759947137 0.132221089473100 0.456652233988952
0.13953488 0.604224315061 0.190967628403360 0.671238910820525
0.10211268 0.504818032988858 0.187969120797195 0.540851832395865
0.22826087 0.838031199958479 0.782692185003504 0.854399077661616
0.063829787 0.437369300636471 0.0447439558043196 0.464139210406541
0.125 0.303060437499695 0.0781532752914971 0.335190032100866
0.13659148 0.629437720968569 0.584022572092405 0.636622410783091
0.085271318 0.423217998326966 0.107359582821754 0.452662426955389
0.1887396 0.454331195252155 0.111848457180337 0.534009748513944
0.068181818 0.562816105129904 0.289702040054748 0.582800061053823
0.066179159 0.776136064590932 0.684533864709398 0.782627841476333
0.16480687 0.437859244165695 0.332460371667393 0.458657377739871
0.28021978 0.518614087307129 0.117054571605338 0.674946417677171
0.23756906 0.466485462041324 0.225025786317773 0.54172289690926
0.2742616 0.830162091666252 0.783798972309588 0.847683037637623
0.06875 0.874884324823776 0.636256685039422 0.89250113044544
0.073476703 0.670617729441401 0.368300620302845 0.694592587399012
0.73899371 0.843140454567172 0.864070450713284 0.783880827137117
0.21126761 0.83020890624431 0.875041249131688 0.81820024265625
0.24418605 0.457822797325816 0.162141596612431 0.553350571669566
0.22972973 0.161119000223708 0.103069019779533 0.178432152312449
0.275 0.333269492015876 0.103285488164238 0.42050480382167
0.13519814 0.304616801200813 0.610699057947558 0.256765664757649
0.22222222 0.444633113373462 0.174896988227946 0.521700576709885
0.11702128 0.779232138884802 0.787042985967227 0.778196966345798
0.15625 0.240416405355364 0.0772706463234285 0.270628582953871
0.17037037 0.791524811761401 0.890347208869305 0.771230926694205
0.21495327 0.545008083970552 0.468390989318113 0.565986574045202
0.2745098 0.85019693051084 0.783089654160224 0.87558887241378
0.35164835 0.498351972060603 0.0896933550356875 0.71999732206487
0.22926829 0.578498452777972 0.0491784257609474 0.735954407791094
0.19444444 0.579605168395403 0.255478742600346 0.65784257929841
0.42268041 0.32102676413827 0.227124224705323 0.38977683698364
0.22295082 0.607526837099289 0.332426807770310 0.686458491233355
0.32200772 0.216959575326721 0.131544663451887 0.257526793919264
0.19127086 0.82960884215195 0.937214836684406 0.804159170441867
0.21818182 0.87434281142111 0.803488374364713 0.894116142903426
0.076923077 0.748410098391405 0.579330427951526 0.762500070943326
0.28787879 0.544244306917205 0.0803771892158089 0.731765058566584
0.43859649 0.260996039411077 0.17972366135911 0.3244900844475
0.39316239 0.313046875832755 0.180800804532800 0.398727427933671
0.5112782 0.413451852656932 0.118085691562294 0.722450303688533
0.29543635 0.778864993409488 0.837487758173304 0.754283402166837
0.58333333 0.457458226968008 0.414707465933234 0.517309291595878
0.46564885 0.7813284832807 0.71009808545014 0.843400685866665
0.32835821 0.549013435581963 0.208066276390298 0.71569871419865
0.19277108 0.718765663520172 0.580393483133796 0.751809765377965
0.26277372 0.491822816332629 0.29552768302332 0.561789397553232
0.44936709 0.514850564459022 0.293233043009062 0.695710841602611
0.27472527 0.550239807675524 0.279756382726507 0.652695648029487
0.12541806 0.606118049254297 0.0388174343088738 0.687470909757296
0.1835443 0.899114822978692 0.737690817294962 0.935403939615904
0.21111111 0.613360198852818 0.304442308465622 0.696028366151383
0.10652921 0.833041611846466 0.903403643460918 0.824652292659117
0.10126582 0.618716087087767 0.085126502300356 0.678838855364987
0.37254902 0.311513341528340 0.0992928572185266 0.437519254298682
0.10169492 0.685928174459353 0.267344719638375 0.733314983127231
0.58426966 0.26183371594519 0.0879045203431986 0.506274744662144
0.41142857 0.530205549569983 0.380875180653308 0.634591826255142
0.39572193 0.81928384019822 0.694239119726672 0.901171534916832
0.32820245 0.293080770092468 0.257962261805979 0.310237695508423
0.28975265 0.174330449948675 0.197852536864749 0.164734374697620
0.25217391 0.37285487172101 0.077435562925432 0.472473009125762
0.46491228 0.30542346719792 0.116336505324529 0.469712138526112
0.28775835 0.443842609439331 0.0384267581413795 0.607637855664182
0.37288136 0.780779218192775 0.78090284841669 0.780705708328629
0.37704918 0.421304717604043 0.108018652241601 0.610925230585044
0.20192308 0.370074167760163 0.120897795101642 0.433118793371484
0.046218487 0.906829490281048 0.839881795198333 0.910073651687708
0.4375 0.356597789748585 0.286408855516766 0.411189183039999
0.43956044 0.445937575257066 0.210905589452825 0.630276387981467
0.43434343 0.413590367877915 0.304726700939648 0.497182110656301
0.36945813 0.295969116449255 0.265681286349447 0.313715892044717
0.30718954 0.588181522907584 0.297500938611872 0.717068195572328
0.27906977 0.797176009789145 0.738327051179448 0.819956252121261
0.17605634 0.444968098884278 0.114052111795129 0.515676644095249
0.29652997 0.151818269248992 0.104676501329378 0.171689687263702
0.59322034 0.430361947480966 0.265708527729280 0.670481518964107
0.18394649 0.418047809352128 0.356258906040478 0.431975636076538
0.2970297 0.88371774521535 0.777661600363476 0.928530200149091
0.098360656 0.748653362405151 0.667622584589993 0.757493083647494
0.28813559 0.401347971740665 0.144006157599087 0.50551013297212
0.30837004 0.418708578596434 0.155867275179079 0.535898966428189
0.43209877 0.354203967369161 0.289424891367300 0.403492395679381
0.18421053 0.733699187630149 0.656395434325021 0.751154874288285
0.62162162 0.4236561317938 0.290936347401399 0.641695776078062
0.27659574 0.84320321736417 0.802418558431164 0.85879735129728
0.14741036 0.377554198094444 0.208992876586093 0.406697978313990
0.054945055 0.247507576992643 0.0797520649015247 0.257260804450122
0.021276596 0.535357202582189 0.210883588477282 0.542410976888347
0.4 0.235314425963881 0.11826712625067 0.313345959106022
0.008264463 0.70324014288202 0.102348645133463 0.708247572146055
0.015151515 0.836588646212603 0.806546545545658 0.837050832372016
0.31155779 0.578267378455375 0.382212755827302 0.666992828548399
0.48461538 0.43298110016885 0.171553169505144 0.678801388638471
0.35664336 0.83879407897822 0.827052361870844 0.845303074426444
0.2962963 0.347062943686246 0.070754980502257 0.463403140777653
0.10532838 0.781380426207818 0.95116385398825 0.761392071822597
0.060509554 0.827725325001382 0.729117628691868 0.834076329154814
0.13300493 0.348012952815921 0.223013469049103 0.367189010631846
0.0625 0.773262352290698 0.906744633197526 0.764363533563576
0.35483871 0.263940999263572 0.099067655871935 0.354621338256749
0.10614525 0.430804373391466 0.276112426769731 0.449174041782389
0.40594059 0.280508593630967 0.116245362315928 0.392755133140093
0.078947368 0.74805614727753 0.803835007518644 0.74327510214169
0.26315789 0.866490606866232 0.667701333627637 0.937486774145681
0.021505376 0.305250920124402 0.0537531607025625 0.310778343318016
0.3968254 0.795128806963626 0.729888009617565 0.838050384734258
0.17615176 0.886231056676537 0.79640574226217 0.90543712699192
0.29365079 0.389368646438896 0.0621973332578868 0.525383684356105
0.26282051 0.803594100574303 0.557444226028854 0.891351880656425
0.24383917 0.552634820596001 0.288869881769943 0.637691095936852
0.28205128 0.620807006807988 0.332959761964169 0.733889851851117
0.054054054 0.533279368776232 0.0586292493352606 0.560402232715614
0.097826087 0.812660322420517 0.838801448402447 0.809825742493369
0.11 0.518286183668018 0.0475502835567954 0.576467025254799
0.31531532 0.440262729437071 0.149229931211323 0.574290994686188
0.29279279 0.426546108808413 0.189810345407604 0.524557729276625
0.44244604 0.842440400336008 0.73304359498502 0.929252057661865
0.2228164 0.47516038081031 0.0407488839116296 0.599704961855992
0.36363636 0.41446343482101 0.129283310665211 0.57742350320638
0.11570248 0.606512194393765 0.358961933094855 0.638901948417876
0.46 0.436537367709326 0.353706418905058 0.507097064838887
0.029411765 0.347226722977112 0.388832595880728 0.34596593893674
0.37634409 0.815070239972187 0.829183726567825 0.80655348067528
0.40740741 0.911835237003722 0.907305292807127 0.914949573672325
0.18958333 0.895308008104715 0.916806724592153 0.890278745487974
0.45544554 0.261048122584716 0.253881137131720 0.267042328489873
0.23574144 0.182462867556725 0.118842105897796 0.202087181568167
0.021186441 0.575790112913339 0.170280615090722 0.584567374907273
0.053811659 0.340021691795077 0.161228375515637 0.350190032018906
0.52136752 0.417522471888238 0.191685903587462 0.663523018153477
0.48051948 0.809283059348289 0.859715590266125 0.762632968346374
0.33333333 0.197004621390955 0.236562908665706 0.177225478050267
0.15027322 0.298488197171234 0.0979538013876562 0.333952478260684
0.08 0.798993649155539 0.89775672798624 0.790405555344173
0.18443804 0.797089460977115 0.82529092867977 0.790711743914146
0.41818182 0.884218659112372 0.90000098821777 0.8728751099831
0.18918919 0.380122109600414 0.287236969887739 0.401795308981263
0.34797297 0.374324040798545 0.132823740743567 0.503207618931835
0.091463415 0.771402160652578 0.832749538968152 0.765226250056706
0.051612903 0.544973506245327 0.170233057356724 0.565367544186002
0.022727273 0.678532600544342 0.223525781115466 0.68911415461448
0.010309278 0.63075497175829 0.281925244846093 0.634388614622128
0.41304348 0.839392636612498 0.909079251182026 0.79035390748957
0.2164557 0.322341000875497 0.182862167595643 0.360872311093406
0.19811321 0.525653713013456 0.105755383525195 0.629393301900508
0.23414634 0.514767388926609 0.224536342216830 0.603500447069157
0.32716049 0.407411764048717 0.180352166166087 0.517816887705151
0.25118483 0.386783025139949 0.340360654483473 0.402355085841583
0.52898551 0.842471092451727 0.848808914197209 0.835353231028137
0.12820513 0.420686981022686 0.253469801190161 0.445277743157662
0.20491803 0.903469265983686 0.91012482071223 0.901753916856187
0.30188679 0.401551495616845 0.342878777786563 0.426923481410323
0.34265734 0.349540512972138 0.216596081164246 0.418841332990579
0.42268041 0.541200276725471 0.333072124592281 0.693579815199471
0.39215686 0.485577976131347 0.266946832222783 0.626630325415722
0.29577465 0.3761072561031 0.321010239384217 0.399248003359744
0.37569061 0.498617269956563 0.184694872368281 0.687526325196953
0.11594203 0.6180681452561 0.142430969155679 0.680446791919452
0.072222222 0.82709826103977 0.75820504130033 0.832461206271162
0.25581395 0.583102551702518 0.168773685950887 0.725528096694855
0.50591017 0.253833094079445 0.0726962283964049 0.439303380952126
0.18137255 0.328650264559367 0.356977702764067 0.322374125514489
0.14371257 0.409256606159239 0.0976936084412104 0.461546897421557
0.097744361 0.560743332775529 0.104443190899949 0.610175848200171
0.3203125 0.408906791936927 0.418596500982539 0.404340377329225
0.376 0.288866391516696 0.193757818911041 0.346175403214975
0.090534979 0.605530744907725 0.0761400399825284 0.658230271823558
0.078125 0.426346703319896 0.445259198409594 0.424743949498735
0.04964539 0.741049064453291 0.789594376283298 0.738513115331655
0.17021277 0.573294116158768 0.0724675469595986 0.676027774319532
0.043956044 0.537873961297036 0.432869818118105 0.542701737999968
0.33333333 0.373367135461081 0.303542445888702 0.408279479723585
0.18032787 0.748563629621339 0.772875186545152 0.743215087056576
0.37142857 0.367918890655977 0.0166025903861521 0.575514884999708
0.22968907 0.89178965618559 0.806212453343534 0.917306817332445
0.55555556 0.384237140647813 0.196593886807964 0.618791212169599
0.37142857 0.694968038472254 0.585109267006138 0.759884584850469
0.010309278 0.263943739587386 0.108501833859554 0.265562926049759
0.35033259 0.839887343348749 0.822921831798682 0.849035980806198
0.07751938 0.764395391394517 0.581487885631363 0.7797657700634
0.34394904 0.897301105487721 0.727766849696341 0.986183140698156
0.044117647 0.828906642756749 0.747065478747454 0.832683927244217
0.0125 0.452120664917984 0.172107506668096 0.455665135275577
0.26890756 0.400298125685769 0.340757361492171 0.422198176546417
0.2293578 0.907095453302287 0.737914603373621 0.957446897256134
0.56140351 0.438576093205822 0.321420923720455 0.58853471089501
0.16812609 0.944621745316634 0.822505798447853 0.969302020087718
0.46341463 0.528712637738643 0.314924435736344 0.713347900025538
0.35955056 0.428565521535089 0.197743431002583 0.558149852050443
0.37305699 0.853969846657834 0.83648842488483 0.864372014771261
0.40641711 0.416058882015749 0.255518463537789 0.525978446772751
0.55932203 0.496391806768776 0.35872249394207 0.671125931823718
0.31305115 0.570023907568358 0.203092597631722 0.737239077295581
0.17525773 0.46364831020534 0.121766588092569 0.536298175169791
0.33727811 0.885052942902588 0.895944671166018 0.879509831110516
0.30057803 0.85854214632217 0.618733400911393 0.96160044783984
0.59689922 0.867299756084078 0.908106615484416 0.806874215486732
0.43055556 0.765472796405928 0.772406367231488 0.760230340320839
0.37218045 0.502701482031569 0.173225407733816 0.69801963291803
0.38732394 0.327844717446381 0.082863346886328 0.48271799529556
0.37762238 0.941467004133807 0.92533327832529 0.951256006408792
0.48101266 0.192707655079472 0.03837447919745 0.335748160570915
0.52380952 0.359844441814710 0.201502118367942 0.534020994946003
0.37209302 0.421591305692138 0.131162612332855 0.593697195654867
0.44720497 0.345361794953181 0.446512326570889 0.26353215104777
0.15371901 0.607201998747818 0.440981168063481 0.63739445472414
0.26153846 0.60813039998111 0.506350371705001 0.644177493041758
0.46590909 0.651451775174569 0.536728105362054 0.751529869751781
0.21203438 0.587618027370535 0.112502837987721 0.71546720257867
0.55 0.25851836208714 0.181662459546667 0.352453354081051
0.34302326 0.456228745885781 0.105924474582603 0.63913097943265
0.22857143 0.854846316389684 0.921411453455574 0.835123312654813
0.2556391 0.489341054770747 0.219341647114665 0.582068125165946
0.55102041 0.690403087860714 0.589754720007989 0.813926085687941
0.14285714 0.902050860146403 0.870797244838416 0.907259795909526
0.53658537 0.341944225987095 0.357531529821636 0.323895768614571
0.48734177 0.385711409490669 0.284159431134081 0.482248474504335
0.41843972 0.496749018557321 0.243253535385701 0.679142112871805
0.29069767 0.433588311689049 0.0241412953292668 0.601394462338858
0.1 0.406503934045049 0.147593723234007 0.435271735246276
0.5147929 0.381641382459698 0.114033203116894 0.66556713438625
0.090909091 0.83408862383753 0.766029808850813 0.840894505343689
0.29274843 0.419959244804443 0.226226435222857 0.500149912807483
0.29113924 0.408293316571537 0.421812746685528 0.402740693502628
0.18826135 0.78020941689321 0.911406394130346 0.749781741617944
0.41176471 0.735058057893065 0.670452445690364 0.780281987203762
0.24260355 0.441857447883155 0.0147544592177350 0.57866387371977
0.5801105 0.277718812966936 0.0987338666123902 0.525000649550629
0.24285714 0.785345464339469 0.908107342530595 0.745969013456045
