Y X N TrueBB TrueBW BB BW
 0.7372  0.5905 14497.0000  0.6061  0.9262  0.5954  0.9417 
 0.8518  0.2803 13263.0000  0.6460  0.9320  0.6166  0.9435 
 0.6833  0.6147 23193.0000  0.5374  0.9160  0.5454  0.9033 
 0.8323  0.3533 16030.0000  0.7078  0.9003  0.6237  0.9462 
 0.8529  0.0585 14649.0000  0.6161  0.8676  0.5738  0.8702 
 0.6412  0.8279 21242.0000  0.5740  0.9647  0.5828  0.9222 
 0.7407  0.5213 20618.0000  0.5785  0.9172  0.5788  0.9170 
 0.8366  0.2803 28537.0000  0.6885  0.8942  0.6025  0.9277 
 0.7670  0.5082 25580.0000  0.6080  0.9313  0.6051  0.9344 
 0.8011  0.1293 13924.0000  0.6211  0.8279  0.5519  0.8381 
 0.8212  0.2048 16309.0000  0.6530  0.8645  0.5705  0.8858 
 0.6967  0.6109 12695.0000  0.5598  0.9115  0.5619  0.9083 
 0.7303  0.5513 22088.0000  0.5787  0.9164  0.5804  0.9144 
 0.8628  0.1275 14452.0000  0.6308  0.8967  0.5770  0.9045 
 0.8265  0.0542 9164.0000  0.5936  0.8399  0.5528  0.8422 
 0.7738  0.2223 18122.0000  0.5492  0.8379  0.5364  0.8416 
 0.7925  0.3867 17782.0000  0.6247  0.8984  0.5832  0.9246 
 0.7538  0.4603 15285.0000  0.5975  0.8871  0.5647  0.9151 
 0.7963  0.3630 11529.0000  0.5885  0.9148  0.5803  0.9195 
 0.7913  0.2624 22830.0000  0.6087  0.8563  0.5520  0.8765 
 0.8267  0.3106 16489.0000  0.6658  0.8993  0.6031  0.9275 
 0.7934  0.2630 15138.0000  0.5901  0.8660  0.5538  0.8789 
 0.6144  0.8081 40389.0000  0.5286  0.9760  0.5483  0.8929 
 0.7807  0.4734 20305.0000  0.6074  0.9365  0.6050  0.9386 
 0.8126  0.3024 13274.0000  0.6522  0.8822  0.5859  0.9109 
 0.8371  0.1840 27995.0000  0.6943  0.8693  0.5876  0.8934 
 0.8345  0.1145 11133.0000  0.6314  0.8607  0.5688  0.8688 
 0.8104  0.1048 13220.0000  0.6332  0.8312  0.5460  0.8414 
 0.7971  0.1642 17927.0000  0.5751  0.8407  0.5533  0.8450 
 0.5676  0.8566 16268.0000  0.5002  0.9704  0.5147  0.8840 
 0.6269  0.7792 19983.0000  0.5431  0.9227  0.5481  0.9052 
 0.7477  0.4678 14306.0000  0.5862  0.8895  0.5710  0.9029 
 0.8149  0.2910 22857.0000  0.6554  0.8804  0.5807  0.9110 
 0.8116  0.0952 22956.0000  0.6482  0.8288  0.5434  0.8398 
 0.8664  0.4205 174724.0000  0.7458  0.9539  0.7152  0.9760 
 0.8584  0.1776 11968.0000  0.6226  0.9093  0.5974  0.9147 
 0.8272  0.2357 21832.0000  0.6413  0.8846  0.5850  0.9019 
 0.7578  0.3262 15324.0000  0.6279  0.8207  0.5407  0.8630 
 0.7032  0.5794 23629.0000  0.5257  0.9478  0.5602  0.9002 
 0.7123  0.3861 18981.0000  0.4527  0.8756  0.5128  0.8379 
 0.5491  0.8739 23040.0000  0.4894  0.9628  0.5006  0.8854 
 0.6893  0.8353 18755.0000  0.6368  0.9556  0.6395  0.9420 
 0.7698  0.4024 34607.0000  0.6003  0.8839  0.5737  0.9017 
 0.5620  0.7699 28845.0000  0.4477  0.9442  0.4739  0.8566 
 0.8555  0.4382 63959.0000  0.7108  0.9684  0.7086  0.9701 
 0.6888  0.5749 18840.0000  0.5159  0.9227  0.5375  0.8935 
 0.7518  0.6843 63652.0000  0.6457  0.9817  0.6590  0.9529 
 0.8468  0.2515 24621.0000  0.6652  0.9078  0.6083  0.9269 
 0.6464  0.7817 22403.0000  0.5636  0.9427  0.5709  0.9168 
 0.6518  0.5172 17805.0000  0.4099  0.9110  0.4769  0.8393 
 0.7444  0.4599 22004.0000  0.5545  0.9060  0.5491  0.9106 
 0.8281  0.2322 16792.0000  0.6986  0.8672  0.5787  0.9035 
 0.6315  0.7607 18481.0000  0.5424  0.9145  0.5465  0.9016 
 0.8552  0.1821 14523.0000  0.7259  0.8840  0.6002  0.9120 
 0.7966  0.2922 19093.0000  0.6078  0.8745  0.5637  0.8927 
 0.5685  0.8022 20787.0000  0.4666  0.9820  0.4912  0.8823 
 0.7626  0.4731 26777.0000  0.6240  0.8870  0.5826  0.9241 
 0.7641  0.3608 21781.0000  0.5399  0.8906  0.5565  0.8812 
 0.7606  0.4047 34799.0000  0.5841  0.8805  0.5492  0.9043 
 0.8377  0.1951 25780.0000  0.6962  0.8720  0.5844  0.8991 
 0.7689  0.4204 10163.0000  0.5890  0.8993  0.5752  0.9094 
 0.6345  0.8064 24815.0000  0.5552  0.9644  0.5675  0.9131 
 0.9110  0.2591 11866.0000  0.7625  0.9629  0.7150  0.9795 
 0.8668  0.5366 18110.0000  0.7839  0.9628  0.7701  0.9789 
 0.8619  0.3161 10045.0000  0.6844  0.9440  0.6423  0.9634 
 0.8228  0.3487 6785.0000  0.6095  0.9371  0.6138  0.9347 
 0.6932  0.8067 16691.0000  0.6601  0.8314  0.6329  0.9448 
 0.8846  0.3042 16784.0000  0.7391  0.9482  0.6844  0.9721 
 0.8431  0.3095 9215.0000  0.6473  0.9309  0.6206  0.9428 
 0.8262  0.4411 16580.0000  0.6659  0.9527  0.6590  0.9582 
 0.8440  0.3692 15765.0000  0.7856  0.8782  0.6553  0.9545 
 0.9075  0.0531 19911.0000  0.7483  0.9164  0.5968  0.9249 
 0.8959  0.0927 17007.0000  0.7502  0.9108  0.6069  0.9254 
 0.8133  0.8471 17194.0000  0.7887  0.9498  0.7868  0.9603 
 0.8511  0.4415 10208.0000  0.7464  0.9339  0.7034  0.9678 
 0.8942  0.3574 8830.0000  0.7430  0.9783  0.7394  0.9803 
 0.6898  0.7962 11585.0000  0.6212  0.9576  0.6255  0.9409 
 0.8068  0.5353 15609.0000  0.6723  0.9617  0.6725  0.9614 
 0.9039  0.1903 16328.0000  0.7909  0.9305  0.6407  0.9658 
 0.9259  0.1870 21353.0000  0.8428  0.9450  0.6857  0.9812 
 0.9151  0.1073 6340.0000  0.7809  0.9313  0.6192  0.9507 
 0.8581  0.4869 20002.0000  0.7361  0.9738  0.7363  0.9736 
 0.9141  0.1373 10633.0000  0.8103  0.9307  0.6369  0.9583 
 0.8984  0.2031 11792.0000  0.7445  0.9376  0.6302  0.9668 
 0.9189  0.0560 17568.0000  0.7713  0.9277  0.6160  0.9369 
 0.8625  0.2736 16954.0000  0.7760  0.8951  0.6278  0.9509 
 0.8076  0.7142 39918.0000  0.7413  0.9734  0.7459  0.9619 
 0.8552  0.5264 9985.0000  0.7574  0.9638  0.7498  0.9723 
 0.8562  0.7843 18208.0000  0.8291  0.9547  0.8257  0.9671 
 0.8138  0.6740 11030.0000  0.7382  0.9700  0.7400  0.9662 
 0.8238  0.4197 9735.0000  0.6620  0.9409  0.6402  0.9567 
 0.8448  0.4056 19982.0000  0.6896  0.9507  0.6633  0.9686 
 0.8348  0.3763 14424.0000  0.6588  0.9410  0.6323  0.9570 
 0.7861  0.4602 22686.0000  0.6669  0.8877  0.6047  0.9407 
 0.8006  0.6327 14707.0000  0.7234  0.9335  0.7043  0.9663 
 0.8430  0.3410 13251.0000  0.6310  0.9527  0.6293  0.9536 
 0.8652  0.5541 15419.0000  0.7856  0.9642  0.7761  0.9759 
 0.8839  0.1016 6406.0000  0.7450  0.8996  0.6126  0.9145 
 0.8105  0.7838 25841.0000  0.7659  0.9723  0.7678  0.9655 
 0.9037  0.0767 8644.0000  0.7541  0.9162  0.6208  0.9273 
 0.9380  0.1765 9305.0000  0.8234  0.9625  0.7125  0.9863 
 0.8906  0.0787 16909.0000  0.7911  0.8991  0.6004  0.9154 
 0.8888  0.3233 9917.0000  0.7723  0.9444  0.7083  0.9750 
 0.8953  0.4120 68630.0000  0.7876  0.9707  0.7799  0.9761 
 0.7962  0.6837 16656.0000  0.7335  0.9319  0.7196  0.9619 
 0.8824  0.1197 11699.0000  0.7407  0.9016  0.6056  0.9200 
 0.9426  0.1122 38881.0000  0.8221  0.9579  0.6548  0.9790 
 0.9140  0.1355 11422.0000  0.7319  0.9426  0.6181  0.9604 
 0.7948  0.4321 21282.0000  0.5936  0.9478  0.6006  0.9424 
 0.9266  0.0769 20369.0000  0.7518  0.9411  0.6258  0.9516 
 0.8267  0.5829 14471.0000  0.7419  0.9452  0.7248  0.9690 
 0.8958  0.0704 18151.0000  0.7212  0.9090  0.5910  0.9189 
 0.9042  0.2204 26199.0000  0.7164  0.9573  0.6677  0.9711 
 0.9315  0.1303 100440.0000  0.7765  0.9547  0.6443  0.9745 
 0.8944  0.1623 36441.0000  0.6987  0.9323  0.6178  0.9480 
 0.8259  0.5570 25308.0000  0.7302  0.9461  0.7144  0.9660 
 0.7790  0.2536 3222.0000  0.6463  0.8241  0.5572  0.8544 
 0.8698  0.2847 9971.0000  0.7520  0.9167  0.6389  0.9618 
 0.9373  0.2999 3715.0000  0.8285  0.9839  0.8138  0.9902 
 0.8303  0.2903 5098.0000  0.7155  0.8773  0.6004  0.9244 
 0.7789  0.5583 5157.0000  0.6540  0.9368  0.6441  0.9494 
 0.8622  0.4062 4476.0000  0.7618  0.9308  0.6995  0.9734 
 0.8472  0.4720 12667.0000  0.7260  0.9556  0.7074  0.9722 
 0.9585  0.3567 9605.0000  0.8943  0.9940  0.9034  0.9890 
 0.9427  0.1757 10399.0000  0.8232  0.9682  0.7265  0.9888 
 0.9154  0.5007 61589.0000  0.8437  0.9873  0.8450  0.9859 
 0.8909  0.4094 29170.0000  0.7988  0.9548  0.7621  0.9803 
 0.8049  0.4936 4151.0000  0.6730  0.9334  0.6484  0.9574 
 0.7078  0.6601 16178.0000  0.5967  0.9234  0.5930  0.9305 
 0.7867  0.4645 8316.0000  0.6259  0.9261  0.6106  0.9394 
 0.8496  0.5545 3690.0000  0.7400  0.9860  0.7539  0.9687 
 0.9188  0.2208 60426.0000  0.8528  0.9376  0.6950  0.9823 
 0.7722  0.1139 7896.0000  0.5929  0.7952  0.5134  0.8054 
 0.7426  0.4821 20782.0000  0.5896  0.8851  0.5724  0.9011 
 0.7822  0.7521 12377.0000  0.7188  0.9746  0.7227  0.9628 
 0.8612  0.2118 4684.0000  0.6825  0.9093  0.5951  0.9327 
 0.8699  0.3794 7440.0000  0.6989  0.9744  0.7020  0.9726 
 0.9560  0.1608 4752.0000  0.9359  0.9599  0.7741  0.9909 
 0.7522  0.7545 14723.0000  0.6810  0.9712  0.6877  0.9506 
 0.8458  0.4617 7550.0000  0.7372  0.9390  0.6949  0.9753 
 0.8165  0.4665 3220.0000  0.7024  0.9162  0.6602  0.9531 
 0.7513  0.5451 11722.0000  0.6111  0.9194  0.6022  0.9301 
 0.9231  0.2628 7245.0000  0.7820  0.9734  0.7448  0.9867 
 0.8559  0.6004 20230.0000  0.7714  0.9828  0.7802  0.9696 
 0.9113  0.2695 16472.0000  0.8550  0.9321  0.7163  0.9833 
 0.8240  0.5412 7733.0000  0.7317  0.9329  0.7018  0.9681 
 0.9153  0.3841 14989.0000  0.8043  0.9846  0.8039  0.9848 
 0.9205  0.1701 4279.0000  0.7088  0.9640  0.6568  0.9746 
 0.9443  0.4087 4434.0000  0.8808  0.9882  0.8812  0.9879 
 0.8469  0.3428 5717.0000  0.6337  0.9582  0.6331  0.9585 
 0.9333  0.3176 18370.0000  0.8315  0.9806  0.8133  0.9891 
 0.8920  0.5149 10182.0000  0.8163  0.9723  0.8085  0.9805 
 0.8913  0.4235 10444.0000  0.7834  0.9706  0.7730  0.9782 
 0.9336  0.2237 3058.0000  0.8114  0.9688  0.7516  0.9861 
 0.8358  0.3005 10576.0000  0.6611  0.9108  0.6002  0.9369 
 0.8900  0.3348 4883.0000  0.7309  0.9701  0.7175  0.9769 
 0.8108  0.4197 13110.0000  0.6487  0.9280  0.6235  0.9462 
 0.7913  0.4058 5170.0000  0.6192  0.9089  0.5908  0.9282 
 0.8954  0.3928 13146.0000  0.7711  0.9758  0.7672  0.9784 
 0.8147  0.5034 3335.0000  0.7010  0.9300  0.6675  0.9639 
 0.8083  0.3048 11620.0000  0.6242  0.8890  0.5771  0.9096 
 0.8502  0.3063 11445.0000  0.7233  0.9062  0.6190  0.9522 
 0.8341  0.2410 8332.0000  0.6713  0.8858  0.5851  0.9132 
 0.5660  0.7216 5647.0000  0.4402  0.8919  0.4626  0.8340 
 0.7222  0.5683 14236.0000  0.5765  0.9139  0.5749  0.9160 
 0.7975  0.2004 7674.0000  0.6664  0.8303  0.5491  0.8598 
 0.8055  0.2523 18106.0000  0.6718  0.8506  0.5507  0.8915 
 0.8474  0.4100 8807.0000  0.7081  0.9442  0.6809  0.9631 
 0.8250  0.2809 15620.0000  0.6433  0.8959  0.5802  0.9206 
 0.8774  0.4885 44705.0000  0.7821  0.9684  0.7715  0.9784 
 0.7470  0.5787 16612.0000  0.6164  0.9264  0.6061  0.9406 
 0.7759  0.4991 4664.0000  0.6207  0.9307  0.6123  0.9390 
 0.8509  0.3937 17895.0000  0.7075  0.9441  0.6720  0.9671 
 0.6805  0.8168 19701.0000  0.6183  0.9579  0.6228  0.9375 
 0.8042  0.5142 9705.0000  0.6525  0.9648  0.6580  0.9590 
 0.5961  0.7272 8031.0000  0.4574  0.9658  0.4947  0.8662 
 0.7640  0.6677 5441.0000  0.6802  0.9325  0.6670  0.9590 
 0.8285  0.3212 7831.0000  0.6394  0.9180  0.5952  0.9389 
 0.8555  0.2025 21574.0000  0.6635  0.9042  0.6046  0.9192 
 0.9239  0.0641 5400.0000  0.7630  0.9349  0.6256  0.9443 
 0.7759  0.2706 3355.0000  0.5264  0.8684  0.5467  0.8609 
 0.8274  0.5570 64585.0000  0.7059  0.9802  0.7165  0.9668 
 0.6943  0.6770 3876.0000  0.5987  0.8946  0.5864  0.9203 
 0.8557  0.1805 9675.0000  0.7314  0.8831  0.5872  0.9148 
 0.8752  0.0684 11733.0000  0.6214  0.8939  0.5778  0.8971 
 0.8001  0.4965 17574.0000  0.6669  0.9314  0.6538  0.9443 
 0.6916  0.7155 6320.0000  0.5927  0.9405  0.5982  0.9265 
 0.8210  0.4378 7535.0000  0.6372  0.9641  0.6497  0.9544 
 0.7934  0.4130 5974.0000  0.6737  0.8777  0.5976  0.9312 
 0.8756  0.2600 20841.0000  0.7223  0.9295  0.6320  0.9612 
 0.7816  0.3666 15111.0000  0.6289  0.8700  0.5686  0.9049 
 0.8400  0.2430 13780.0000  0.6581  0.8984  0.5873  0.9211 
 0.6916  0.7371 8734.0000  0.6028  0.9403  0.6049  0.9346 
 0.7654  0.5532 20643.0000  0.6258  0.9382  0.6195  0.9460 
 0.7272  0.5755 5715.0000  0.5908  0.9122  0.5780  0.9295 
 0.8042  0.5319 11877.0000  0.6676  0.9595  0.6715  0.9551 
 0.8553  0.0682 2917.0000  0.6432  0.8709  0.5725  0.8760 
 0.7547  0.5750 20586.0000  0.6217  0.9345  0.6195  0.9376 
 0.8526  0.3003 20478.0000  0.6249  0.9504  0.6311  0.9477 
 0.7588  0.4220 13806.0000  0.5820  0.8878  0.5579  0.9055 
 0.6872  0.6128 14344.0000  0.5371  0.9247  0.5542  0.8976 
 0.5461  0.7445 12429.0000  0.3963  0.9830  0.4494  0.8282 
 0.8832  0.2375 6421.0000  0.7416  0.9273  0.6411  0.9586 
 0.7340  0.6144 12549.0000  0.6156  0.9227  0.6172  0.9202 
 0.8214  0.3110 2363.0000  0.6803  0.8851  0.6021  0.9204 
 0.7886  0.4236 7132.0000  0.5647  0.9531  0.6022  0.9255 
 0.7817  0.4941 16765.0000  0.6173  0.9422  0.6144  0.9451 
 0.7615  0.3987 17188.0000  0.5621  0.8937  0.5583  0.8962 
 0.8119  0.3400 7645.0000  0.6252  0.9080  0.5902  0.9261 
 0.8547  0.2878 26924.0000  0.7095  0.9134  0.6080  0.9545 
 0.8320  0.0908 8248.0000  0.6088  0.8542  0.5672  0.8584 
 0.8170  0.2233 12282.0000  0.6276  0.8715  0.5775  0.8859 
 0.9084  0.3340 142942.0000  0.7800  0.9728  0.7610  0.9823 
 0.7596  0.3175 3219.0000  0.5587  0.8530  0.5473  0.8583 
 0.8106  0.6173 12004.0000  0.7070  0.9778  0.7138  0.9669 
 0.8812  0.0885 11242.0000  0.6543  0.9033  0.6012  0.9084 
 0.7792  0.3925 12665.0000  0.6019  0.8937  0.5742  0.9116 
 0.6964  0.6178 13529.0000  0.5257  0.9723  0.5617  0.9142 
 0.8364  0.1522 20377.0000  0.6125  0.8766  0.5801  0.8824 
 0.8613  0.0743 7050.0000  0.7424  0.8708  0.5817  0.8837 
 0.8490  0.1566 18465.0000  0.6531  0.8854  0.5997  0.8953 
 0.7386  0.7277 13459.0000  0.6521  0.9697  0.6596  0.9499 
 0.8843  0.1521 9449.0000  0.7397  0.9103  0.5995  0.9354 
 0.7109  0.6983 12700.0000  0.6030  0.9608  0.6128  0.9382 
 0.7711  0.3180 11118.0000  0.6168  0.8430  0.5481  0.8751 
 0.7927  0.3391 7625.0000  0.6292  0.8766  0.5754  0.9042 
 0.7819  0.5048 14327.0000  0.6286  0.9381  0.6208  0.9461 
 0.7001  0.7221 16765.0000  0.5943  0.9749  0.6102  0.9337 
 0.7649  0.4765 7202.0000  0.6233  0.8939  0.5911  0.9232 
 0.8238  0.2798 21107.0000  0.6475  0.8922  0.5847  0.9166 
 0.6857  0.6811 11742.0000  0.5544  0.9663  0.5754  0.9215 
 0.8197  0.2683 4204.0000  0.6410  0.8852  0.5781  0.9083 
 0.7999  0.5946 14949.0000  0.7159  0.9229  0.6907  0.9599 
 0.6880  0.6382 8257.0000  0.5565  0.9200  0.5585  0.9166 
 0.7879  0.4282 8858.0000  0.6494  0.8916  0.5927  0.9340 
 0.7109  0.6940 9150.0000  0.6044  0.9525  0.6112  0.9371 
 0.7667  0.4910 24493.0000  0.6166  0.9116  0.5936  0.9338 
 0.5747  0.8537 8529.0000  0.5097  0.9543  0.5193  0.8983 
 0.8266  0.6461 9252.0000  0.7405  0.9838  0.7505  0.9657 
 0.7420  0.5904 5999.0000  0.5807  0.9744  0.6069  0.9366 
 0.8343  0.5209 17687.0000  0.7296  0.9482  0.7157  0.9633 
 0.7838  0.0574 3886.0000  0.6816  0.7901  0.5147  0.8002 
 0.8040  0.5774 7613.0000  0.7138  0.9273  0.6863  0.9649 
 0.8146  0.7633 4665.0000  0.7616  0.9855  0.7673  0.9670 
 0.6883  0.6868 10733.0000  0.5678  0.9527  0.5818  0.9219 
 0.7616  0.3033 11399.0000  0.5618  0.8485  0.5372  0.8592 
 0.6567  0.5686 6367.0000  0.4691  0.9039  0.5045  0.8572 
 0.7263  0.5716 17651.0000  0.5660  0.9402  0.5742  0.9292 
 0.6969  0.4023 5362.0000  0.4316  0.8755  0.5076  0.8243 
 0.8675  0.0912 5079.0000  0.7495  0.8793  0.5966  0.8947 
 0.7086  0.5334 15533.0000  0.5412  0.9001  0.5453  0.8954 
 0.7223  0.6479 14315.0000  0.5931  0.9601  0.6057  0.9368 
 0.8391  0.3703 13378.0000  0.7148  0.9123  0.6333  0.9602 
 0.6791  0.6770 14286.0000  0.5464  0.9573  0.5658  0.9165 
 0.8276  0.4579 28077.0000  0.6796  0.9526  0.6693  0.9613 
 0.7970  0.5052 13188.0000  0.6566  0.9404  0.6445  0.9527 
 0.7449  0.4598 7707.0000  0.5660  0.8972  0.5579  0.9041 
 0.7085  0.6010 13043.0000  0.5677  0.9206  0.5690  0.9187 
 0.8240  0.1105 9623.0000  0.7187  0.8370  0.5567  0.8572 
 0.8239  0.0515 6214.0000  0.7594  0.8275  0.5575  0.8384 
 0.8682  0.2726 7366.0000  0.7037  0.9298  0.6345  0.9558 
 0.7589  0.5062 14044.0000  0.5665  0.9562  0.5972  0.9247 
 0.8270  0.2840 14232.0000  0.6964  0.8788  0.5911  0.9206 
 0.6933  0.5880 16179.0000  0.5321  0.9235  0.5495  0.8985 
 0.6306  0.7207 9904.0000  0.5013  0.9642  0.5314  0.8865 
 0.6408  0.7591 3146.0000  0.5595  0.8971  0.5529  0.9177 
 0.6733  0.6679 13356.0000  0.5364  0.9486  0.5566  0.9079 
 0.8703  0.4911 47837.0000  0.7737  0.9635  0.7638  0.9731 
 0.8353  0.3907 6337.0000  0.6874  0.9301  0.6429  0.9586 
 0.7965  0.6158 3675.0000  0.6911  0.9653  0.6949  0.9592 
 0.7066  0.5884 13833.0000  0.5409  0.9436  0.5658  0.9080 
 0.7735  0.5007 14511.0000  0.6245  0.9229  0.6069  0.9405 
 0.8716  0.2290 6729.0000  0.8034  0.8919  0.6195  0.9465 
 0.7663  0.7493 9446.0000  0.6955  0.9776  0.7017  0.9591 
 0.7516  0.7185 21263.0000  0.6643  0.9744  0.6708  0.9579 
 0.6935  0.6802 8249.0000  0.5700  0.9564  0.5849  0.9246 
 0.7275  0.7232 6264.0000  0.6296  0.9833  0.6463  0.9395 
 0.8544  0.3148 12603.0000  0.6840  0.9327  0.6219  0.9612 
 0.7476  0.4775 7571.0000  0.5544  0.9242  0.5704  0.9095 
 0.8414  0.3564 9292.0000  0.6739  0.9341  0.6373  0.9544 
 0.6202  0.7396 15841.0000  0.4974  0.9690  0.5260  0.8876 
 0.7719  0.5836 21134.0000  0.6322  0.9677  0.6452  0.9495 
 0.8237  0.3362 8060.0000  0.6336  0.9200  0.6052  0.9344 
 0.7842  0.3132 7762.0000  0.5117  0.9085  0.5605  0.8862 
 0.7666  0.5780 19145.0000  0.6234  0.9627  0.6332  0.9493 
 0.7758  0.4023 6913.0000  0.5592  0.9216  0.5746  0.9112 
 0.7084  0.6783 7566.0000  0.6165  0.9022  0.6017  0.9335 
 0.7878  0.5372 9069.0000  0.6619  0.9340  0.6491  0.9489 
 0.8939  0.1328 13446.0000  0.7766  0.9118  0.6201  0.9358 
 0.7977  0.3897 17844.0000  0.5877  0.9318  0.5966  0.9261 
 0.8504  0.4015 16823.0000  0.7296  0.9314  0.6759  0.9674 
 0.7713  0.6664 8471.0000  0.6771  0.9597  0.6792  0.9554 
 0.7567  0.6104 19938.0000  0.6391  0.9412  0.6363  0.9455 
 0.8410  0.2648 8946.0000  0.6885  0.8960  0.5949  0.9297 
 0.7245  0.6655 4257.0000  0.6149  0.9424  0.6163  0.9396 
 0.8481  0.0736 3562.0000  0.7481  0.8561  0.5757  0.8697 
 0.8740  0.1069 11472.0000  0.7423  0.8898  0.5979  0.9071 
 0.7741  0.4134 9370.0000  0.5844  0.9078  0.5831  0.9087 
 0.6253  0.6992 16796.0000  0.4766  0.9709  0.5149  0.8818 
 0.7497  0.4966 7116.0000  0.5716  0.9255  0.5899  0.9074 
 0.7861  0.4963 13386.0000  0.6255  0.9444  0.6233  0.9465 
 0.9076  0.3555 18260.0000  0.8098  0.9615  0.7688  0.9841 
 0.9383  0.0827 26550.0000  0.8246  0.9486  0.6402  0.9652 
 0.9313  0.1869 10880.0000  0.7875  0.9643  0.7052  0.9832 
 0.8815  0.3815 11753.0000  0.7732  0.9483  0.7266  0.9770 
 0.9568  0.0569 22638.0000  0.7919  0.9667  0.6271  0.9767 
 0.9595  0.0710 95278.0000  0.8586  0.9672  0.6529  0.9830 
 0.9624  0.0915 24256.0000  0.8622  0.9725  0.6785  0.9911 
 0.9705  0.0582 24765.0000  0.7989  0.9811  0.6722  0.9890 
 0.9703  0.0899 221162.0000  0.8734  0.9799  0.7367  0.9934 
 0.9670  0.0882 63809.0000  0.8116  0.9821  0.7081  0.9921 
 0.9660  0.0966 19152.0000  0.9665  0.9660  0.7244  0.9918 
 0.9773  0.1106 22739.0000  0.8978  0.9872  0.8255  0.9962 
 0.9822  0.0520 19032.0000  0.8556  0.9891  0.7222  0.9965 
 0.9761  0.0943 20496.0000  0.8473  0.9895  0.7864  0.9959 
 0.9706  0.0736 6265.0000  0.9284  0.9740  0.6898  0.9929 
 0.9772  0.0566 25036.0000  0.8326  0.9859  0.6875  0.9946 
 0.9697  0.1032 34389.0000  0.8611  0.9822  0.7592  0.9940 
 0.9908  0.0657 3165.0000  0.9615  0.9929  0.8873  0.9981 
 0.9806  0.0605 39158.0000  0.9076  0.9853  0.7422  0.9960 
 0.9757  0.0934 50947.0000  0.8997  0.9835  0.7831  0.9955 
 0.9807  0.0547 9923.0000  0.8785  0.9866  0.7185  0.9958 
 0.9601  0.1159 80378.0000  0.8840  0.9700  0.7219  0.9913 
 0.8323  0.0906 11866.0000  0.6074  0.8547  0.5487  0.8605 
 0.8161  0.0599 11152.0000  0.6512  0.8266  0.5533  0.8328 
 0.9191  0.0797 7650.0000  0.7656  0.9324  0.6108  0.9458 
 0.9010  0.1251 9446.0000  0.7073  0.9287  0.6124  0.9423 
 0.8574  0.1418 18797.0000  0.6597  0.8900  0.5801  0.9032 
 0.8459  0.0989 10431.0000  0.6686  0.8654  0.5839  0.8747 
 0.7912  0.1167 19870.0000  0.7558  0.7959  0.5322  0.8255 
 0.8736  0.3304 14028.0000  0.6990  0.9598  0.6881  0.9651 
 0.8685  0.2894 11600.0000  0.7066  0.9345  0.6469  0.9588 
 0.8877  0.0792 15497.0000  0.7663  0.8982  0.6107  0.9116 
 0.8820  0.0713 7078.0000  0.6812  0.8975  0.5910  0.9044 
 0.8887  0.1824 10639.0000  0.7311  0.9239  0.6309  0.9463 
 0.9101  0.0558 14432.0000  0.7043  0.9223  0.6226  0.9271 
 0.9325  0.0636 6388.0000  0.7217  0.9468  0.6302  0.9530 
 0.8136  0.4066 30099.0000  0.6792  0.9058  0.6163  0.9489 
 0.9041  0.2570 14154.0000  0.7295  0.9645  0.6873  0.9791 
 0.8032  0.1100 6920.0000  0.7135  0.8143  0.5352  0.8363 
 0.9213  0.1339 31644.0000  0.7572  0.9467  0.6401  0.9648 
 0.8762  0.3176 40077.0000  0.7146  0.9514  0.6706  0.9719 
 0.8912  0.0649 12333.0000  0.6737  0.9063  0.5904  0.9120 
 0.8667  0.1921 17125.0000  0.6812  0.9109  0.6062  0.9287 
 0.8724  0.2383 10745.0000  0.6595  0.9390  0.6186  0.9518 
 0.8845  0.0594 3635.0000  0.6759  0.8976  0.6015  0.9023 
 0.9057  0.2013 8847.0000  0.7962  0.9333  0.6487  0.9705 
 0.9084  0.0861 24610.0000  0.7400  0.9243  0.6122  0.9363 
 0.8444  0.1137 8645.0000  0.6612  0.8679  0.5677  0.8799 
 0.8904  0.0693 6439.0000  0.6816  0.9059  0.5873  0.9129 
 0.9009  0.0818 17076.0000  0.7156  0.9173  0.6127  0.9265 
 0.6868  0.0729 6966.0000  0.4626  0.7044  0.4437  0.7059 
 0.9214  0.1077 13264.0000  0.7220  0.9454  0.6318  0.9563 
 0.8780  0.1083 13164.0000  0.7363  0.8952  0.6052  0.9111 
 0.8955  0.2359 22707.0000  0.7220  0.9491  0.6510  0.9710 
 0.8780  0.1338 10839.0000  0.6076  0.9198  0.6032  0.9205 
 0.8792  0.1493 8741.0000  0.6582  0.9180  0.5960  0.9289 
 0.8684  0.1976 26234.0000  0.7454  0.8987  0.6013  0.9342 
 0.9435  0.1831 217506.0000  0.8033  0.9749  0.7431  0.9884 
 0.8635  0.2429 9957.0000  0.7040  0.9147  0.6245  0.9402 
 0.7924  0.0520 15089.0000  0.7513  0.7947  0.5289  0.8069 
 0.8739  0.0697 7932.0000  0.6582  0.8901  0.5770  0.8962 
 0.8650  0.1703 13338.0000  0.7252  0.8936  0.6048  0.9184 
 0.8888  0.0618 7831.0000  0.7190  0.9000  0.6018  0.9077 
 0.8537  0.2163 19083.0000  0.6804  0.9016  0.6028  0.9230 
 0.8597  0.2060 7047.0000  0.6894  0.9038  0.6003  0.9270 
 0.9173  0.2355 27783.0000  0.7707  0.9624  0.7104  0.9810 
 0.8996  0.0578 9741.0000  0.6643  0.9140  0.6104  0.9173 
 0.8711  0.2159 20168.0000  0.7542  0.9033  0.6067  0.9439 
 0.8468  0.1411 12020.0000  0.5825  0.8902  0.5935  0.8884 
 0.9247  0.1566 15080.0000  0.7039  0.9656  0.6552  0.9747 
 0.9143  0.0707 7268.0000  0.7335  0.9280  0.6229  0.9365 
 0.9194  0.1601 10904.0000  0.6999  0.9612  0.6494  0.9709 
 0.8356  0.0748 7499.0000  0.6257  0.8526  0.5652  0.8574 
 0.8626  0.2581 10137.0000  0.6980  0.9198  0.6139  0.9491 
 0.8517  0.1060 20921.0000  0.7384  0.8651  0.5788  0.8840 
 0.8807  0.1776 12664.0000  0.7030  0.9191  0.6105  0.9390 
 0.8815  0.0894 8275.0000  0.6365  0.9055  0.5984  0.9092 
 0.9147  0.1515 5922.0000  0.6678  0.9588  0.6413  0.9635 
 0.8925  0.0659 10985.0000  0.6395  0.9103  0.6039  0.9129 
 0.7976  0.0614 4427.0000  0.6838  0.8051  0.5329  0.8149 
 0.8846  0.2496 13482.0000  0.7082  0.9433  0.6390  0.9663 
 0.8791  0.2265 14144.0000  0.6133  0.9569  0.6209  0.9547 
 0.8608  0.1829 8922.0000  0.6446  0.9092  0.5934  0.9206 
 0.8653  0.1038 5577.0000  0.6356  0.8920  0.5854  0.8978 
 0.8594  0.1228 8842.0000  0.7099  0.8804  0.5831  0.8981 
 0.8162  0.3233 12557.0000  0.6746  0.8838  0.5810  0.9286 
 0.8733  0.2272 10483.0000  0.7632  0.9057  0.6054  0.9521 
 0.9155  0.1288 14868.0000  0.7347  0.9423  0.6444  0.9556 
 0.8507  0.2049 23798.0000  0.6336  0.9066  0.5974  0.9159 
 0.8845  0.1286 10278.0000  0.6853  0.9139  0.6046  0.9258 
 0.9124  0.1342 15573.0000  0.7923  0.9310  0.6239  0.9571 
 0.8405  0.3077 9806.0000  0.6606  0.9205  0.6053  0.9450 
 0.4982  0.2086 21422.0000  0.2780  0.5563  0.3341  0.5415 
 0.6643  0.4912 17375.0000  0.4882  0.8343  0.4966  0.8262 
 0.5638  0.4379 17347.0000  0.4922  0.6195  0.3881  0.7007 
 0.6170  0.3602 23248.0000  0.4338  0.7201  0.4283  0.7232 
 0.7556  0.4213 14877.0000  0.4645  0.9675  0.5632  0.8956 
 0.5574  0.7682 15754.0000  0.4347  0.9641  0.4761  0.8270 
 0.7225  0.6140 44618.0000  0.5690  0.9667  0.5913  0.9311 
 0.7852  0.2738 45178.0000  0.6018  0.8543  0.5527  0.8728 
 0.8096  0.3973 6044.0000  0.6135  0.9388  0.6095  0.9414 
 0.6104  0.1217 2934.0000  0.3894  0.6411  0.4025  0.6392 
 0.6143  0.5005 7125.0000  0.3029  0.9264  0.4449  0.7841 
 0.6798  0.5723 17037.0000  0.4648  0.9673  0.5282  0.8826 
 0.4520  0.8465 10858.0000  0.3666  0.9232  0.3916  0.7854 
 0.6541  0.6366 19481.0000  0.4795  0.9599  0.5277  0.8754 
 0.7042  0.6144 26028.0000  0.5544  0.9427  0.5717  0.9152 
 0.5360  0.8920 9066.0000  0.4847  0.9591  0.4955  0.8701 
 0.6035  0.6886 14157.0000  0.4623  0.9158  0.4969  0.8394 
 0.6418  0.4533 8356.0000  0.3205  0.9083  0.4632  0.7899 
 0.7472  0.3160 11157.0000  0.4101  0.9029  0.5347  0.8453 
 0.5671  0.4682 22383.0000  0.4488  0.6712  0.3981  0.7158 
 0.5472  0.6403 23150.0000  0.4222  0.7696  0.4112  0.7893 
 0.8233  0.2817 9367.0000  0.5620  0.9258  0.5883  0.9155 
 0.6922  0.3918 13658.0000  0.5313  0.7958  0.5036  0.8137 
 0.8708  0.2163 6431.0000  0.6751  0.9248  0.6122  0.9422 
 0.4644  0.3716 19620.0000  0.2012  0.6200  0.3030  0.5598 
 0.5878  0.2663 23164.0000  0.4863  0.6247  0.4000  0.6560 
 0.7835  0.3796 12871.0000  0.5059  0.9534  0.5683  0.9153 
 0.8015  0.1319 7273.0000  0.5308  0.8426  0.5425  0.8408 
 0.4931  0.8873 8302.0000  0.4411  0.9028  0.4473  0.8539 
 0.5461  0.7423 13563.0000  0.4040  0.9557  0.4463  0.8338 
 0.6026  0.5561 25443.0000  0.3981  0.8588  0.4491  0.7950 
 0.9310  0.2684 274998.0000  0.8166  0.9729  0.7774  0.9873 
 0.7653  0.5441 19388.0000  0.6064  0.9549  0.6254  0.9322 
 0.5715  0.5311 9041.0000  0.3659  0.8044  0.4139  0.7501 
 0.4757  0.6832 18318.0000  0.3417  0.7648  0.3659  0.7124 
 0.7331  0.4871 32222.0000  0.5332  0.9230  0.5518  0.9053 
 0.6135  0.5483 7747.0000  0.3543  0.9283  0.4638  0.7953 
 0.5465  0.6667 11175.0000  0.3607  0.9181  0.4277  0.7841 
 0.8218  0.2146 13739.0000  0.6072  0.8805  0.5763  0.8889 
 0.6162  0.3788 3788.0000  0.4599  0.7114  0.4239  0.7334 
 0.5879  0.6133 7960.0000  0.4898  0.7437  0.4533  0.8015 
 0.7599  0.4841 6180.0000  0.5284  0.9771  0.5867  0.9224 
 0.6233  0.5924 16717.0000  0.5117  0.7854  0.4868  0.8216 
 0.6103  0.5706 10463.0000  0.4496  0.8239  0.4610  0.8088 
 0.4391  0.4694 44930.0000  0.2865  0.5742  0.2938  0.5678 
 0.4898  0.4282 15632.0000  0.3701  0.5794  0.3276  0.6112 
 0.6181  0.5561 28751.0000  0.5135  0.7490  0.4616  0.8141 
 0.8286  0.3552 13754.0000  0.6517  0.9260  0.6190  0.9440 
 0.7835  0.3228 21137.0000  0.5752  0.8828  0.5612  0.8894 
 0.4055  0.9132 13106.0000  0.3522  0.9675  0.3696  0.7842 
 0.6127  0.4124 20165.0000  0.5492  0.6572  0.4309  0.7403 
 0.8663  0.3464 13894.0000  0.7039  0.9523  0.6763  0.9670 
 0.5494  0.1725 17781.0000  0.3828  0.5841  0.3776  0.5852 
 0.8648  0.2345 12341.0000  0.7357  0.9044  0.6069  0.9439 
 0.8350  0.2957 13232.0000  0.6463  0.9143  0.5936  0.9364 
 0.7635  0.4963 13436.0000  0.5576  0.9665  0.5954  0.9292 
 0.5148  0.7378 9344.0000  0.3938  0.8551  0.4164  0.7914 
 0.8662  0.4437 4424.0000  0.7896  0.9273  0.7289  0.9757 
 0.5106  0.8011 9812.0000  0.4032  0.9431  0.4342  0.8182 
 0.8403  0.2279 12814.0000  0.6065  0.9093  0.5943  0.9129 
 0.8617  0.3463 29797.0000  0.7029  0.9458  0.6636  0.9666 
 0.9488  0.1064 97157.0000  0.7827  0.9686  0.6704  0.9820 
 0.9555  0.1569 456882.0000  0.8684  0.9717  0.7666  0.9907 
 0.8105  0.4735 7463.0000  0.6740  0.9333  0.6455  0.9590 
 0.8747  0.2368 14570.0000  0.7116  0.9253  0.6238  0.9525 
 0.9600  0.0553 26840.0000  0.7916  0.9698  0.6635  0.9773 
 0.9371  0.1346 18910.0000  0.7129  0.9720  0.6528  0.9814 
 0.7653  0.5008 11577.0000  0.5899  0.9413  0.6029  0.9282 
 0.8585  0.3180 21887.0000  0.7260  0.9202  0.6429  0.9590 
 0.9430  0.0984 40824.0000  0.7518  0.9639  0.6558  0.9743 
 0.9370  0.1784 22296.0000  0.7549  0.9765  0.7160  0.9850 
 0.9249  0.2217 12364.0000  0.7618  0.9714  0.7117  0.9857 
 0.8670  0.3524 13390.0000  0.6886  0.9640  0.6780  0.9698 
 0.9059  0.2739 24652.0000  0.7247  0.9742  0.7086  0.9803 
 0.8837  0.3001 26933.0000  0.6949  0.9647  0.6788  0.9716 
 0.8390  0.3370 12860.0000  0.6357  0.9424  0.6200  0.9504 
 0.7645  0.4171 11936.0000  0.5800  0.8965  0.5668  0.9060 
 0.8330  0.3442 20112.0000  0.6539  0.9271  0.6099  0.9502 
 0.8648  0.3333 15462.0000  0.6666  0.9639  0.6605  0.9670 
 0.8624  0.2220 20672.0000  0.7144  0.9047  0.6019  0.9368 
 0.8012  0.3024 16691.0000  0.5941  0.8909  0.5689  0.9018 
 0.9712  0.0679 17004.0000  0.8787  0.9779  0.6824  0.9922 
 0.6973  0.7386 19421.0000  0.5970  0.9807  0.6121  0.9382 
 0.8809  0.2388 13271.0000  0.7706  0.9156  0.6208  0.9625 
 0.7571  0.5369 15637.0000  0.5906  0.9502  0.6062  0.9320 
 0.8153  0.4477 19991.0000  0.6690  0.9339  0.6412  0.9564 
 0.8427  0.4826 7221.0000  0.7337  0.9443  0.7070  0.9692 
 0.6758  0.8797 37924.0000  0.6398  0.9389  0.6400  0.9373 
 0.8794  0.2083 12136.0000  0.6511  0.9395  0.6251  0.9464 
 0.7867  0.5727 16009.0000  0.6591  0.9577  0.6585  0.9586 
 0.8365  0.5453 15778.0000  0.7250  0.9703  0.7277  0.9671 
 0.8670  0.2794 9919.0000  0.6828  0.9384  0.6328  0.9578 
 0.7172  0.7737 12645.0000  0.6422  0.9738  0.6507  0.9447 
 0.8472  0.4658 15140.0000  0.7306  0.9488  0.7067  0.9696 
 0.7775  0.6848 14776.0000  0.6810  0.9873  0.6934  0.9603 
 0.7124  0.8834 26268.0000  0.6773  0.9781  0.6811  0.9492 
 0.7787  0.5377 25355.0000  0.6208  0.9624  0.6273  0.9548 
 0.8696  0.3166 11622.0000  0.7201  0.9389  0.6675  0.9633 
 0.7151  0.7538 16775.0000  0.6330  0.9666  0.6398  0.9458 
 0.8701  0.3792 15205.0000  0.7085  0.9689  0.6980  0.9752 
 0.7283  0.4404 10271.0000  0.4851  0.9196  0.5241  0.8889 
 0.8504  0.2911 4559.0000  0.7212  0.9035  0.6285  0.9415 
 0.8980  0.2387 4177.0000  0.7422  0.9469  0.6599  0.9727 
 0.8000  0.7001 11224.0000  0.7214  0.9834  0.7271  0.9702 
 0.8116  0.3968 8215.0000  0.7279  0.8666  0.6028  0.9489 
 0.8670  0.3189 26089.0000  0.7184  0.9365  0.6608  0.9635 
 0.7717  0.6927 47397.0000  0.6827  0.9725  0.6910  0.9537 
 0.7405  0.7881 28340.0000  0.6759  0.9807  0.6826  0.9559 
 0.5989  0.9393 8017.0000  0.5756  0.9589  0.5779  0.9228 
 0.8895  0.0835 10023.0000  0.7240  0.9045  0.6045  0.9154 
 0.8517  0.3629 11599.0000  0.7059  0.9348  0.6496  0.9668 
 0.8156  0.4741 12666.0000  0.6839  0.9342  0.6559  0.9595 
 0.6824  0.7755 12901.0000  0.5984  0.9727  0.6105  0.9310 
 0.7958  0.5156 8537.0000  0.6592  0.9412  0.6524  0.9485 
 0.8619  0.2900 20937.0000  0.6983  0.9287  0.6256  0.9584 
 0.7817  0.5623 14143.0000  0.6642  0.9326  0.6504  0.9505 
 0.8549  0.4383 15500.0000  0.7320  0.9508  0.7079  0.9696 
 0.8247  0.3287 8258.0000  0.6164  0.9266  0.6054  0.9320 
 0.8206  0.4564 34958.0000  0.6393  0.9727  0.6572  0.9577 
 0.8325  0.3975 8818.0000  0.6636  0.9439  0.6417  0.9583 
 0.8569  0.3258 12274.0000  0.6839  0.9404  0.6436  0.9599 
 0.8407  0.3709 20574.0000  0.6902  0.9295  0.6424  0.9577 
 0.6789  0.8389 27142.0000  0.6199  0.9863  0.6278  0.9455 
 0.7997  0.4206 19827.0000  0.6218  0.9289  0.6055  0.9407 
 0.7244  0.6973 22904.0000  0.6092  0.9899  0.6299  0.9421 
 0.7253  0.8045 24257.0000  0.6616  0.9871  0.6704  0.9510 
 0.8535  0.3935 10774.0000  0.7179  0.9415  0.6784  0.9672 
 0.7380  0.7023 19129.0000  0.6436  0.9607  0.6484  0.9492 
 0.7991  0.5512 25458.0000  0.6767  0.9495  0.6709  0.9566 
 0.8112  0.4899 12434.0000  0.6552  0.9611  0.6575  0.9589 
 0.8625  0.1631 11996.0000  0.6111  0.9114  0.6066  0.9123 
 0.8479  0.3798 15906.0000  0.6630  0.9611  0.6545  0.9663 
 0.6632  0.8307 20557.0000  0.5987  0.9796  0.6079  0.9346 
 0.7367  0.6316 13908.0000  0.6061  0.9606  0.6202  0.9364 
 0.6963  0.6685 22308.0000  0.5663  0.9585  0.5812  0.9286 
 0.8678  0.2401 7214.0000  0.6992  0.9210  0.6234  0.9450 
 0.8242  0.3580 5394.0000  0.6991  0.8940  0.6180  0.9393 
 0.8119  0.4635 26344.0000  0.6328  0.9667  0.6458  0.9555 
 0.8763  0.2418 13792.0000  0.7238  0.9249  0.6336  0.9537 
 0.8551  0.1715 11887.0000  0.6675  0.8940  0.5941  0.9092 
 0.7066  0.7734 8715.0000  0.6341  0.9539  0.6361  0.9472 
 0.7587  0.5829 16537.0000  0.6096  0.9671  0.6286  0.9406 
 0.8172  0.3978 11547.0000  0.6377  0.9357  0.6203  0.9472 
 0.6910  0.8951 11856.0000  0.6585  0.9686  0.6614  0.9438 
 0.8117  0.3452 11632.0000  0.6100  0.9181  0.5874  0.9299 
 0.8608  0.1748 11098.0000  0.6392  0.9077  0.5944  0.9172 
 0.6799  0.8170 21531.0000  0.6165  0.9630  0.6214  0.9412 
 0.6740  0.7015 21145.0000  0.5529  0.9585  0.5734  0.9103 
 0.7660  0.5776 14124.0000  0.6204  0.9651  0.6312  0.9504 
 0.8949  0.1799 10158.0000  0.6924  0.9393  0.6264  0.9537 
 0.8538  0.0889 9093.0000  0.6386  0.8748  0.5777  0.8808 
 0.6088  0.9093 14451.0000  0.5730  0.9680  0.5764  0.9339 
 0.8586  0.2187 13358.0000  0.6571  0.9150  0.6110  0.9279 
 0.7765  0.6956 29630.0000  0.6821  0.9921  0.6972  0.9577 
 0.6396  0.8488 38287.0000  0.5867  0.9366  0.5872  0.9337 
 0.8141  0.4006 10209.0000  0.6447  0.9273  0.6334  0.9349 
 0.9002  0.2135 10375.0000  0.6745  0.9615  0.6479  0.9687 
 0.5899  0.7589 12461.0000  0.4682  0.9730  0.4991  0.8758 
 0.8246  0.3803 11620.0000  0.6135  0.9542  0.6219  0.9490 
 0.8358  0.5057 15370.0000  0.6982  0.9767  0.7068  0.9679 
 0.7392  0.7560 34182.0000  0.6650  0.9691  0.6714  0.9492 
 0.9696  0.0739 17559.0000  0.7404  0.9879  0.6948  0.9915 
 0.9336  0.1397 24115.0000  0.7201  0.9682  0.6614  0.9778 
 0.9730  0.0508 76767.0000  0.8539  0.9794  0.6698  0.9892 
 0.9198  0.0690 15032.0000  0.8862  0.9223  0.6258  0.9416 
 0.9511  0.1413 19481.0000  0.7751  0.9800  0.7159  0.9898 
 0.9415  0.0738 20912.0000  0.7738  0.9549  0.6492  0.9648 
 0.9561  0.0960 18387.0000  0.7620  0.9767  0.6781  0.9856 
 0.9611  0.0530 16512.0000  0.7554  0.9726  0.6443  0.9788 
 0.9564  0.1090 17659.0000  0.8265  0.9723  0.6814  0.9900 
 0.9496  0.1428 16152.0000  0.8005  0.9744  0.7086  0.9897 
 0.9099  0.2037 12555.0000  0.6535  0.9755  0.6649  0.9726 
 0.9758  0.0928 240901.0000  0.8971  0.9839  0.7941  0.9944 
 0.9421  0.0579 21466.0000  0.7804  0.9520  0.6349  0.9610 
 0.9609  0.0994 23829.0000  0.7965  0.9791  0.7013  0.9896 
 0.9525  0.0785 13356.0000  0.7235  0.9720  0.6578  0.9776 
 0.9601  0.1000 24794.0000  0.7701  0.9812  0.6871  0.9904 
 0.9284  0.1472 10623.0000  0.7807  0.9539  0.6606  0.9746 
 0.9696  0.0673 14689.0000  0.7290  0.9870  0.6710  0.9912 
 0.9585  0.0734 12401.0000  0.7264  0.9769  0.6711  0.9812 
 0.8658  0.1158 14159.0000  0.6543  0.8935  0.5784  0.9035 
 0.8828  0.0878 14190.0000  0.7697  0.8937  0.6126  0.9088 
 0.9640  0.0844 27330.0000  0.7977  0.9793  0.6860  0.9896 
 0.9538  0.1470 18329.0000  0.7769  0.9843  0.7409  0.9905 
 0.9748  0.0513 11409.0000  0.8068  0.9838  0.6702  0.9912 
 0.9656  0.0937 21135.0000  0.8141  0.9813  0.7058  0.9925 
 0.9515  0.0564 16608.0000  0.7940  0.9609  0.6450  0.9699 
 0.9645  0.0681 19432.0000  0.7846  0.9777  0.6641  0.9865 
 0.9713  0.0527 64617.0000  0.7946  0.9811  0.6728  0.9879 
 0.9631  0.0676 572262.0000  0.8760  0.9694  0.6567  0.9853 
 0.9511  0.1263 23521.0000  0.7993  0.9730  0.6921  0.9885 
 0.9537  0.0514 7211.0000  0.6792  0.9686  0.6493  0.9702 
 0.9410  0.1622 59044.0000  0.9196  0.9451  0.7100  0.9857 
 0.9430  0.0523 54084.0000  0.8614  0.9475  0.6495  0.9592 
 0.9592  0.0674 113938.0000  0.8557  0.9667  0.6790  0.9795 
 0.9467  0.0733 16015.0000  0.8995  0.9504  0.6408  0.9709 
 0.9601  0.0622 30474.0000  0.9140  0.9631  0.6573  0.9802 
 0.9589  0.0880 78181.0000  0.9009  0.9645  0.6818  0.9856 
 0.9589  0.1222 21771.0000  0.8440  0.9749  0.7194  0.9922 
 0.8493  0.2394 21042.0000  0.6665  0.9068  0.5966  0.9288 
 0.8378  0.0757 8161.0000  0.6699  0.8515  0.5636  0.8602 
 0.7783  0.5093 17933.0000  0.6581  0.9032  0.6160  0.9469 
 0.7951  0.4154 22128.0000  0.6615  0.8901  0.6062  0.9293 
 0.8086  0.5680 16236.0000  0.7238  0.9200  0.6937  0.9597 
 0.7470  0.4532 12761.0000  0.5910  0.8762  0.5635  0.8990 
 0.7664  0.3650 10125.0000  0.6388  0.8398  0.5597  0.8853 
 0.9041  0.1669 36853.0000  0.8262  0.9197  0.6400  0.9570 
 0.8208  0.1193 15407.0000  0.6703  0.8412  0.5358  0.8594 
 0.8431  0.2304 18730.0000  0.7022  0.8853  0.5992  0.9161 
 0.8135  0.1149 14422.0000  0.6626  0.8331  0.5559  0.8470 
 0.7924  0.3778 4052.0000  0.6590  0.8735  0.5863  0.9176 
 0.8334  0.1654 10177.0000  0.6744  0.8650  0.5779  0.8841 
 0.7390  0.4938 10604.0000  0.5903  0.8839  0.5619  0.9117 
 0.8825  0.1206 19608.0000  0.7961  0.8944  0.6075  0.9203 
 0.8210  0.3249 16315.0000  0.6796  0.8891  0.5988  0.9280 
 0.8137  0.5401 8069.0000  0.7451  0.8944  0.6872  0.9623 
 0.8190  0.1893 20897.0000  0.6595  0.8562  0.5570  0.8801 
 0.7698  0.3104 19846.0000  0.6886  0.8063  0.5350  0.8755 
 0.7903  0.5582 18895.0000  0.6865  0.9213  0.6645  0.9492 
 0.8058  0.4197 25521.0000  0.6919  0.8883  0.6081  0.9488 
 0.8548  0.3228 5523.0000  0.7173  0.9203  0.6345  0.9598 
 0.9206  0.1050 3515.0000  0.8889  0.9243  0.6170  0.9562 
 0.8436  0.1301 21258.0000  0.6753  0.8688  0.5694  0.8846 
 0.8121  0.1660 9720.0000  0.6561  0.8432  0.5564  0.8631 
 0.8008  0.3509 17981.0000  0.6960  0.8575  0.5890  0.9153 
 0.8371  0.3518 26828.0000  0.6883  0.9179  0.6322  0.9484 
 0.7253  0.5916 22790.0000  0.6145  0.8858  0.5850  0.9285 
 0.8305  0.3049 35847.0000  0.6930  0.8908  0.6095  0.9274 
 0.7873  0.4595 17444.0000  0.6712  0.8860  0.6098  0.9382 
 0.8133  0.2242 26250.0000  0.6669  0.8556  0.5656  0.8849 
 0.8624  0.4336 7560.0000  0.7916  0.9166  0.7173  0.9736 
 0.7863  0.4719 17787.0000  0.6597  0.8994  0.6058  0.9476 
 0.7669  0.4571 8933.0000  0.6699  0.8487  0.5781  0.9259 
 0.8808  0.2516 45016.0000  0.7580  0.9220  0.6330  0.9641 
 0.7571  0.6231 26846.0000  0.6621  0.9140  0.6406  0.9496 
 0.8198  0.2761 15442.0000  0.6751  0.8749  0.5750  0.9131 
 0.8727  0.1156 11798.0000  0.7141  0.8934  0.5971  0.9087 
 0.7785  0.5718 10955.0000  0.6908  0.8958  0.6482  0.9526 
 0.7478  0.3925 6328.0000  0.5419  0.8809  0.5376  0.8836 
 0.8815  0.2126 24503.0000  0.7207  0.9249  0.6245  0.9509 
 0.8010  0.2438 28777.0000  0.6796  0.8401  0.5609  0.8784 
 0.7891  0.4501 5928.0000  0.6848  0.8745  0.6079  0.9375 
 0.8537  0.3015 8264.0000  0.7191  0.9118  0.6202  0.9545 
 0.7959  0.4365 16170.0000  0.6852  0.8817  0.6095  0.9403 
 0.8590  0.1604 12092.0000  0.7758  0.8749  0.5935  0.9097 
 0.8756  0.1560 9603.0000  0.7323  0.9020  0.6214  0.9225 
 0.7325  0.4837 12514.0000  0.6027  0.8540  0.5485  0.9048 
 0.8624  0.3785 50047.0000  0.7116  0.9542  0.6870  0.9692 
 0.8046  0.2388 10346.0000  0.6402  0.8561  0.5542  0.8831 
 0.8358  0.3191 12196.0000  0.7027  0.8982  0.6114  0.9410 
 0.7632  0.4055 23739.0000  0.6393  0.8477  0.5623  0.9001 
 0.8479  0.4778 25049.0000  0.7192  0.9656  0.7114  0.9727 
 0.7475  0.5642 15903.0000  0.6452  0.8800  0.6056  0.9313 
 0.8169  0.2885 9776.0000  0.7060  0.8618  0.5892  0.9092 
 0.8689  0.3105 11049.0000  0.7604  0.9178  0.6573  0.9643 
 0.8291  0.3610 7003.0000  0.7215  0.8898  0.6244  0.9447 
 0.8360  0.4908 12127.0000  0.7290  0.9391  0.6978  0.9692 
 0.7981  0.4765 10981.0000  0.6661  0.9182  0.6335  0.9479 
 0.8573  0.4908 7767.0000  0.7825  0.9295  0.7379  0.9724 
 0.7624  0.4166 12265.0000  0.6000  0.8784  0.5679  0.9014 
 0.7408  0.4866 24956.0000  0.5844  0.8891  0.5664  0.9061 
 0.8331  0.1467 5380.0000  0.7364  0.8497  0.5610  0.8798 
 0.8680  0.1099 21199.0000  0.7382  0.8840  0.6009  0.9010 
 0.8146  0.4539 14114.0000  0.7126  0.8993  0.6428  0.9573 
 0.7288  0.4176 37004.0000  0.6342  0.7967  0.5359  0.8672 
 0.8145  0.2823 26139.0000  0.6547  0.8773  0.5905  0.9026 
 0.8780  0.2491 27223.0000  0.7311  0.9268  0.6297  0.9604 
 0.8238  0.1484 19903.0000  0.6895  0.8472  0.5469  0.8720 
 0.8095  0.3224 21101.0000  0.7114  0.8562  0.5843  0.9167 
 0.7001  0.5275 10953.0000  0.6007  0.8110  0.5335  0.8860 
 0.8150  0.1122 13910.0000  0.5964  0.8426  0.5739  0.8454 
 0.7691  0.1285 13731.0000  0.5896  0.7955  0.5267  0.8048 
 0.7910  0.0917 20814.0000  0.5928  0.8110  0.5430  0.8160 
 0.8685  0.0890 5132.0000  0.7133  0.8836  0.5766  0.8970 
 0.7958  0.2975 3775.0000  0.6643  0.8514  0.5712  0.8909 
 0.8150  0.2791 22896.0000  0.6296  0.8868  0.5829  0.9049 
 0.8094  0.5037 13872.0000  0.7017  0.9187  0.6621  0.9589 
 0.8339  0.3989 47083.0000  0.7310  0.9022  0.6504  0.9557 
 0.8057  0.6385 14256.0000  0.7414  0.9193  0.7207  0.9559 
 0.8590  0.4919 7868.0000  0.7747  0.9407  0.7421  0.9722 
 0.8063  0.4283 25701.0000  0.6753  0.9044  0.6186  0.9469 
 0.7828  0.0856 21226.0000  0.7822  0.7829  0.5321  0.8063 
 0.7502  0.4255 20363.0000  0.5997  0.8617  0.5500  0.8985 
 0.8054  0.0716 10893.0000  0.6179  0.8198  0.5434  0.8256 
 0.9676  0.0527 20129.0000  0.8200  0.9758  0.6638  0.9845 
 0.9785  0.0539 21689.0000  0.9333  0.9811  0.6873  0.9951 
 0.9792  0.0848 54885.0000  0.9102  0.9855  0.7997  0.9958 
 0.9582  0.0566 17402.0000  0.8569  0.9643  0.6586  0.9762 
 0.9702  0.0655 185700.0000  0.9087  0.9745  0.6779  0.9906 
 0.9333  0.0721 20353.0000  0.8515  0.9396  0.6299  0.9569 
 0.9682  0.1336 24459.0000  0.8721  0.9830  0.7972  0.9946 
 0.9711  0.0548 387373.0000  0.8535  0.9779  0.6721  0.9885 
 0.9458  0.0585 31807.0000  0.8806  0.9499  0.6414  0.9647 
 0.8649  0.1604 9736.0000  0.7382  0.8892  0.6007  0.9154 
 0.9379  0.0819 13150.0000  0.8124  0.9491  0.6518  0.9634 
 0.9170  0.0746 20949.0000  0.6993  0.9345  0.6251  0.9405 
 0.9152  0.1717 17888.0000  0.7695  0.9454  0.6475  0.9707 
 0.8477  0.0635 11655.0000  0.7986  0.8510  0.5756  0.8662 
 0.8835  0.2004 15362.0000  0.7212  0.9242  0.6212  0.9493 
 0.9054  0.0622 11135.0000  0.7633  0.9149  0.6233  0.9242 
 0.9600  0.0700 12602.0000  0.8673  0.9670  0.6618  0.9824 
 0.9562  0.1026 19354.0000  0.8413  0.9693  0.6815  0.9876 
 0.9312  0.0844 18324.0000  0.7731  0.9458  0.6381  0.9582 
 0.9715  0.0614 21916.0000  0.8648  0.9785  0.6856  0.9902 
 0.8891  0.0705 16607.0000  0.7541  0.8993  0.6051  0.9106 
 0.9050  0.0576 11503.0000  0.6767  0.9189  0.6164  0.9226 
 0.9700  0.1281 14149.0000  0.8533  0.9872  0.8090  0.9937 
 0.9234  0.0576 7731.0000  0.8112  0.9303  0.6281  0.9415 
 0.8812  0.0658 19919.0000  0.7879  0.8878  0.5999  0.9010 
 0.9627  0.1070 24962.0000  0.8558  0.9755  0.7205  0.9917 
 0.9440  0.2459 24223.0000  0.8315  0.9807  0.8006  0.9908 
 0.9074  0.0946 7007.0000  0.7391  0.9250  0.6205  0.9374 
 0.9519  0.0719 10843.0000  0.8090  0.9629  0.6382  0.9762 
 0.8063  0.2305 14168.0000  0.7183  0.8327  0.5725  0.8764 
 0.8623  0.2541 14492.0000  0.8232  0.8756  0.6183  0.9454 
 0.9081  0.0595 9442.0000  0.7509  0.9180  0.6171  0.9265 
 0.9334  0.3127 40189.0000  0.8793  0.9581  0.8128  0.9883 
 0.9455  0.1461 10519.0000  0.7879  0.9725  0.6984  0.9878 
 0.8926  0.4097 13857.0000  0.8358  0.9320  0.7630  0.9825 
 0.9790  0.1061 69249.0000  0.9065  0.9876  0.8404  0.9955 
 0.9144  0.2800 15215.0000  0.8138  0.9535  0.7390  0.9827 
 0.9751  0.0596 17534.0000  0.8632  0.9822  0.6820  0.9937 
 0.9073  0.1195 34279.0000  0.8057  0.9211  0.6196  0.9464 
 0.8567  0.2051 13650.0000  0.7504  0.8841  0.6074  0.9210 
 0.8426  0.1344 17020.0000  0.7644  0.8547  0.5815  0.8832 
 0.9707  0.0820 27034.0000  0.9175  0.9755  0.7119  0.9938 
 0.9042  0.3976 15864.0000  0.8343  0.9504  0.7873  0.9814 
 0.9514  0.0949 87999.0000  0.8944  0.9574  0.6562  0.9824 
 0.9508  0.1016 96446.0000  0.8843  0.9583  0.6709  0.9824 
 0.9542  0.0571 1261132.0000  0.9223  0.9562  0.6371  0.9734 
 0.7660  0.6339 24797.0000  0.6601  0.9493  0.6559  0.9565 
 0.7587  0.5347 30233.0000  0.6416  0.8932  0.6013  0.9395 
 0.7899  0.3763 48963.0000  0.6315  0.8855  0.5876  0.9120 
 0.7636  0.6753 12917.0000  0.6701  0.9580  0.6756  0.9466 
 0.6956  0.7063 24417.0000  0.5921  0.9445  0.6005  0.9243 
 0.6228  0.8637 22398.0000  0.5702  0.9561  0.5779  0.9072 
 0.6362  0.7813 16678.0000  0.5635  0.8956  0.5600  0.9081 
 0.7294  0.7482 11496.0000  0.6513  0.9613  0.6571  0.9440 
 0.7884  0.6219 69560.0000  0.6731  0.9780  0.6893  0.9514 
 0.7605  0.3172 18274.0000  0.5943  0.8378  0.5365  0.8646 
 0.6964  0.6368 21071.0000  0.5588  0.9378  0.5696  0.9189 
 0.7106  0.3946 18266.0000  0.5646  0.8057  0.5185  0.8357 
 0.7209  0.7149 21886.0000  0.6405  0.9224  0.6343  0.9382 
 0.5986  0.6269 25052.0000  0.4178  0.9025  0.4590  0.8334 
 0.7219  0.5756 25283.0000  0.6364  0.8378  0.5774  0.9179 
 0.7504  0.4965 15943.0000  0.6728  0.8270  0.5748  0.9236 
 0.7379  0.6072 12635.0000  0.6112  0.9337  0.6085  0.9379 
 0.7062  0.6917 19764.0000  0.5903  0.9664  0.6057  0.9317 
 0.6501  0.7412 20473.0000  0.5529  0.9285  0.5604  0.9070 
 0.7592  0.5571 25032.0000  0.6410  0.9080  0.6157  0.9398 
 0.6021  0.7187 16142.0000  0.4968  0.8711  0.4969  0.8709 
 0.8215  0.3021 49157.0000  0.6666  0.8885  0.5826  0.9249 
 0.7725  0.6100 24508.0000  0.6649  0.9408  0.6593  0.9496 
 0.6815  0.6346 17421.0000  0.5455  0.9177  0.5574  0.8971 
 0.7591  0.2398 18694.0000  0.5889  0.8128  0.5235  0.8334 
 0.6741  0.5950 18783.0000  0.5075  0.9188  0.5308  0.8845 
 0.7141  0.4839 18401.0000  0.5325  0.8844  0.5396  0.8777 
 0.7399  0.5372 29578.0000  0.5845  0.9203  0.5763  0.9298 
 0.6221  0.6601 17236.0000  0.4808  0.8967  0.5023  0.8549 
 0.8152  0.3524 22800.0000  0.6082  0.9278  0.5876  0.9390 
 0.8083  0.5260 14598.0000  0.7374  0.8868  0.6707  0.9609 
 0.6768  0.5879 21831.0000  0.5775  0.8185  0.5301  0.8861 
 0.7973  0.6158 24564.0000  0.6939  0.9630  0.6927  0.9648 
 0.8073  0.2495 19168.0000  0.6910  0.8460  0.5722  0.8855 
 0.7761  0.6447 39223.0000  0.6733  0.9626  0.6773  0.9554 
 0.8024  0.2143 17587.0000  0.6148  0.8535  0.5733  0.8648 
 0.8056  0.5265 41900.0000  0.6892  0.9351  0.6645  0.9625 
 0.7793  0.5208 14394.0000  0.6250  0.9469  0.6254  0.9465 
 0.7872  0.3134 59419.0000  0.6331  0.8575  0.5575  0.8920 
 0.7580  0.7167 27138.0000  0.6794  0.9568  0.6811  0.9525 
 0.7344  0.5001 20758.0000  0.6025  0.8663  0.5635  0.9054 
 0.6706  0.6019 25660.0000  0.5460  0.8589  0.5288  0.8850 
 0.7270  0.5164 34063.0000  0.5624  0.9027  0.5553  0.9103 
 0.8524  0.0565 12584.0000  0.7820  0.8566  0.5682  0.8694 
 0.8990  0.2431 17245.0000  0.7412  0.9497  0.6662  0.9738 
 0.8527  0.0633 4421.0000  0.6929  0.8636  0.5758  0.8715 
 0.8911  0.0619 14890.0000  0.7959  0.8973  0.6132  0.9094 
 0.8836  0.1060 12074.0000  0.7453  0.9000  0.6124  0.9158 
 0.8402  0.0790 18929.0000  0.7298  0.8497  0.5754  0.8629 
 0.8297  0.0552 7734.0000  0.5480  0.8462  0.5644  0.8452 
 0.8887  0.2062 17791.0000  0.7081  0.9356  0.6316  0.9555 
 0.8790  0.1477 7660.0000  0.7515  0.9011  0.5990  0.9275 
 0.8674  0.1692 6620.0000  0.6384  0.9140  0.5985  0.9221 
 0.7938  0.0562 13529.0000  0.7224  0.7980  0.5437  0.8087 
 0.8814  0.1029 11560.0000  0.6773  0.9048  0.6088  0.9127 
 0.8663  0.2210 11601.0000  0.6568  0.9257  0.6151  0.9376 
 0.9019  0.3227 120823.0000  0.7602  0.9694  0.7365  0.9807 
 0.8613  0.1010 7100.0000  0.7406  0.8748  0.5838  0.8924 
 0.8357  0.0566 11025.0000  0.6795  0.8451  0.5679  0.8518 
 0.8770  0.1533 14171.0000  0.7440  0.9011  0.6020  0.9268 
 0.8514  0.2080 20103.0000  0.6948  0.8925  0.5825  0.9220 
 0.6996  0.7291 21159.0000  0.6097  0.9414  0.6109  0.9383 
 0.8719  0.1563 14857.0000  0.6968  0.9043  0.6025  0.9218 
 0.8946  0.2275 31030.0000  0.7363  0.9412  0.6564  0.9647 
 0.8265  0.3255 23835.0000  0.6522  0.9106  0.5951  0.9382 
 0.8929  0.1193 10207.0000  0.7545  0.9117  0.6031  0.9322 
 0.9091  0.3026 70051.0000  0.8020  0.9555  0.7381  0.9833 
 0.7701  0.4271 16765.0000  0.6032  0.8944  0.5684  0.9204 
 0.8615  0.1240 12422.0000  0.7630  0.8754  0.5879  0.9002 
 0.8206  0.0838 16960.0000  0.6749  0.8340  0.5558  0.8449 
 0.7973  0.6690 18697.0000  0.7194  0.9548  0.7120  0.9696 
 0.8702  0.1112 12315.0000  0.7516  0.8851  0.6069  0.9032 
 0.8861  0.2295 18773.0000  0.6866  0.9455  0.6368  0.9603 
 0.8619  0.1479 11558.0000  0.6953  0.8908  0.5899  0.9091 
 0.9126  0.1472 4579.0000  0.8472  0.9239  0.6369  0.9602 
 0.8507  0.0883 9780.0000  0.6343  0.8717  0.5870  0.8763 
 0.8415  0.0956 3785.0000  0.5608  0.8712  0.5645  0.8708 
 0.8556  0.0937 12950.0000  0.6993  0.8718  0.5864  0.8834 
 0.9117  0.1432 73016.0000  0.8322  0.9250  0.6257  0.9595 
 0.7483  0.3915 6416.0000  0.6246  0.8279  0.5531  0.8738 
 0.8293  0.4518 15300.0000  0.6946  0.9403  0.6664  0.9635 
 0.8632  0.0566 12399.0000  0.6752  0.8745  0.5746  0.8805 
 0.8173  0.1512 4193.0000  0.7192  0.8348  0.5601  0.8631 
 0.8526  0.2097 19056.0000  0.6927  0.8950  0.6101  0.9169 
 0.8992  0.0728 9889.0000  0.8014  0.9069  0.6070  0.9221 
 0.8802  0.0923 15161.0000  0.7186  0.8967  0.5996  0.9088 
 0.8780  0.0939 11679.0000  0.7311  0.8932  0.5914  0.9077 
 0.8753  0.4007 29777.0000  0.7473  0.9608  0.7259  0.9752 
 0.8663  0.1329 13406.0000  0.7872  0.8785  0.5807  0.9101 
 0.9006  0.1935 12873.0000  0.7077  0.9468  0.6312  0.9652 
 0.8185  0.3982 30535.0000  0.6601  0.9233  0.6129  0.9545 
 0.8510  0.0864 4236.0000  0.7268  0.8628  0.5783  0.8768 
 0.8373  0.0566 14748.0000  0.7542  0.8423  0.5701  0.8534 
 0.8291  0.3990 25279.0000  0.7122  0.9067  0.6440  0.9519 
 0.8826  0.0704 3492.0000  0.6992  0.8965  0.6092  0.9033 
 0.8639  0.0822 8131.0000  0.6527  0.8828  0.5850  0.8888 
 0.9154  0.1809 22405.0000  0.7705  0.9474  0.6451  0.9751 
 0.8326  0.0691 6118.0000  0.7470  0.8390  0.5646  0.8525 
 0.8470  0.0880 11043.0000  0.7459  0.8567  0.5769  0.8730 
 0.8769  0.1054 16363.0000  0.7587  0.8908  0.6102  0.9083 
 0.8505  0.2536 19196.0000  0.6728  0.9109  0.6081  0.9329 
 0.8395  0.3408 24906.0000  0.6704  0.9269  0.6329  0.9463 
 0.8879  0.4762 155103.0000  0.7837  0.9825  0.7868  0.9798 
 0.8607  0.1219 13426.0000  0.6644  0.8880  0.5797  0.8997 
 0.8316  0.1197 10490.0000  0.6457  0.8568  0.5832  0.8653 
 0.8693  0.0585 20658.0000  0.7444  0.8770  0.5946  0.8863 
 0.8484  0.2097 19310.0000  0.6621  0.8978  0.5920  0.9164 
 0.8037  0.4509 21158.0000  0.6589  0.9226  0.6261  0.9496 
 0.8167  0.2976 4358.0000  0.6816  0.8739  0.5789  0.9174 
 0.8915  0.1189 12300.0000  0.6904  0.9186  0.6035  0.9303 
 0.8999  0.0808 21992.0000  0.7373  0.9142  0.6079  0.9256 
 0.8496  0.0757 8331.0000  0.7100  0.8610  0.5858  0.8712 
 0.9118  0.1082 23865.0000  0.7456  0.9320  0.6166  0.9476 
 0.8310  0.0615 10955.0000  0.6261  0.8445  0.5668  0.8484 
 0.7976  0.3237 18017.0000  0.6116  0.8866  0.5847  0.8995 
 0.8806  0.2414 19503.0000  0.6782  0.9450  0.6435  0.9560 
 0.8852  0.3815 21599.0000  0.7350  0.9778  0.7306  0.9805 
 0.9019  0.1466 12350.0000  0.7189  0.9334  0.6182  0.9507 
 0.9772  0.0710 1620.0000  0.8174  0.9894  0.7334  0.9958 
 0.8903  0.2708 13131.0000  0.7213  0.9531  0.6645  0.9742 
 0.8488  0.3647 18445.0000  0.7584  0.9007  0.6521  0.9617 
 0.9501  0.1318 36070.0000  0.8111  0.9712  0.7034  0.9876 
 0.8771  0.1018 94021.0000  0.8644  0.8785  0.5995  0.9085 
 0.9229  0.0797 3138.0000  0.6520  0.9463  0.6376  0.9476 
 0.8710  0.3646 25262.0000  0.7184  0.9586  0.6907  0.9745 
 0.8336  0.4579 10309.0000  0.6609  0.9796  0.6854  0.9588 
 0.8032  0.4684 13929.0000  0.7102  0.8852  0.6384  0.9485 
 0.8400  0.4641 13517.0000  0.7373  0.9289  0.6950  0.9655 
 0.7444  0.2183 17126.0000  0.7614  0.7396  0.5169  0.8079 
 0.9507  0.1319 2737.0000  0.8698  0.9630  0.6991  0.9889 
 0.8556  0.4496 6793.0000  0.7109  0.9738  0.7151  0.9703 
 0.8532  0.3507 19013.0000  0.6855  0.9438  0.6534  0.9611 
 0.9254  0.2443 3135.0000  0.7963  0.9671  0.7435  0.9842 
 0.9115  0.2568 20751.0000  0.7429  0.9698  0.7111  0.9808 
 0.8545  0.3698 14167.0000  0.6982  0.9462  0.6620  0.9675 
 0.9547  0.0701 19367.0000  0.8143  0.9652  0.6721  0.9760 
 0.9502  0.1863 107583.0000  0.8235  0.9792  0.7705  0.9914 
 0.8346  0.2059 17214.0000  0.7774  0.8494  0.5754  0.9017 
 0.9481  0.0567 10031.0000  0.7909  0.9575  0.6529  0.9658 
 0.9436  0.0717 22696.0000  0.7529  0.9583  0.6454  0.9666 
 0.9352  0.1825 38652.0000  0.7907  0.9675  0.7140  0.9846 
 0.8704  0.3573 25403.0000  0.7598  0.9319  0.6914  0.9700 
 0.9372  0.1220 32488.0000  0.7427  0.9643  0.6590  0.9759 
 0.9108  0.2366 21810.0000  0.7702  0.9544  0.6930  0.9783 
 0.7071  0.6336 13806.0000  0.5807  0.9257  0.5867  0.9154 
 0.9201  0.0833 6494.0000  0.6118  0.9481  0.6354  0.9459 
 0.8897  0.4191 14527.0000  0.7608  0.9827  0.7621  0.9818 
 0.9443  0.2052 36259.0000  0.8694  0.9636  0.7728  0.9886 
 0.7355  0.1510 7086.0000  0.7832  0.7271  0.5025  0.7770 
 0.8150  0.2858 19966.0000  0.7365  0.8465  0.5814  0.9085 
 0.9491  0.1225 49570.0000  0.7738  0.9735  0.6906  0.9851 
 0.8424  0.5407 10352.0000  0.7263  0.9792  0.7323  0.9721 
 0.8122  0.4610 15289.0000  0.6862  0.9200  0.6474  0.9532 
 0.7790  0.2219 17847.0000  0.7677  0.7822  0.5566  0.8424 
 0.9127  0.2123 9528.0000  0.8028  0.9423  0.6726  0.9774 
 0.9316  0.2740 93247.0000  0.8196  0.9739  0.7879  0.9858 
 0.8158  0.6205 26929.0000  0.7219  0.9694  0.7230  0.9676 
 0.8275  0.1420 11395.0000  0.8084  0.8306  0.5649  0.8709 
 0.9063  0.2072 14121.0000  0.7344  0.9512  0.6584  0.9711 
 0.9439  0.1075 33318.0000  0.7508  0.9671  0.6694  0.9769 
 0.9248  0.1066 21801.0000  0.6902  0.9528  0.6376  0.9591 
 0.8874  0.4158 20513.0000  0.7844  0.9608  0.7574  0.9800 
 0.9479  0.0973 34549.0000  0.7503  0.9692  0.6529  0.9797 
 0.8824  0.3175 4737.0000  0.7547  0.9418  0.6892  0.9723 
 0.8773  0.3388 10089.0000  0.7332  0.9511  0.6824  0.9771 
 0.9231  0.2879 30220.0000  0.8252  0.9627  0.7675  0.9860 
 0.7481  0.0557 10444.0000  0.7577  0.7475  0.4936  0.7631 
 0.8988  0.2348 26157.0000  0.7257  0.9519  0.6646  0.9707 
 0.9499  0.0513 3451.0000  0.8927  0.9530  0.6606  0.9655 
 0.8978  0.2324 33609.0000  0.7186  0.9520  0.6499  0.9729 
 0.9220  0.1598 19161.0000  0.7593  0.9530  0.6554  0.9727 
 0.9093  0.3038 9195.0000  0.7834  0.9642  0.7374  0.9843 
 0.8472  0.4008 11673.0000  0.6858  0.9551  0.6715  0.9647 
 0.8127  0.3208 7945.0000  0.6010  0.9127  0.5945  0.9158 
 0.9117  0.2734 24452.0000  0.7867  0.9587  0.7187  0.9843 
 0.9319  0.2403 54615.0000  0.8047  0.9721  0.7557  0.9876 
 0.7381  0.0526 798.0000  0.6429  0.7434  0.5002  0.7513 
 0.8970  0.2586 7242.0000  0.6946  0.9676  0.6702  0.9761 
 0.8349  0.6267 7474.0000  0.7541  0.9706  0.7532  0.9721 
 0.9077  0.3239 10234.0000  0.7768  0.9704  0.7462  0.9850 
 0.8951  0.2557 26153.0000  0.7585  0.9420  0.6741  0.9710 
 0.8392  0.4472 11231.0000  0.6952  0.9557  0.6880  0.9615 
 0.8986  0.3411 7308.0000  0.7485  0.9763  0.7394  0.9810 
 0.8867  0.2497 19101.0000  0.7010  0.9485  0.6479  0.9662 
 0.9237  0.2358 34322.0000  0.7560  0.9754  0.7317  0.9829 
 0.9001  0.3453 7546.0000  0.7985  0.9536  0.7471  0.9808 
 0.8939  0.2116 7088.0000  0.7533  0.9316  0.6313  0.9644 
 0.8596  0.4200 13970.0000  0.7081  0.9693  0.7019  0.9737 
 0.8340  0.3797 12470.0000  0.6969  0.9179  0.6324  0.9574 
 0.9041  0.0935 4653.0000  0.7195  0.9232  0.6288  0.9325 
 0.8772  0.2981 20152.0000  0.7172  0.9451  0.6594  0.9697 
 0.7944  0.1697 2009.0000  0.6510  0.8237  0.5391  0.8466 
 0.8098  0.5361 20069.0000  0.6961  0.9410  0.6789  0.9610 
 0.9428  0.0966 5787.0000  0.6351  0.9757  0.6407  0.9751 
 0.8686  0.4081 18661.0000  0.7218  0.9699  0.7143  0.9750 
 0.9140  0.1864 5869.0000  0.7450  0.9527  0.6451  0.9756 
 0.8444  0.3012 7685.0000  0.6592  0.9242  0.6156  0.9430 
 0.8964  0.5389 6702.0000  0.8378  0.9650  0.8251  0.9799 
 0.9061  0.1960 18308.0000  0.6898  0.9588  0.6517  0.9681 
 0.8773  0.4019 29985.0000  0.7341  0.9736  0.7284  0.9774 
 0.9629  0.1481 85409.0000  0.8667  0.9796  0.7907  0.9928 
 0.8953  0.1921 11521.0000  0.6530  0.9529  0.6315  0.9580 
 0.8912  0.2715 43159.0000  0.7894  0.9291  0.6654  0.9754 
 0.9076  0.2533 8989.0000  0.8103  0.9406  0.6993  0.9782 
 0.8846  0.2085 7294.0000  0.7055  0.9318  0.6317  0.9512 
 0.8833  0.2772 13836.0000  0.6787  0.9618  0.6554  0.9708 
 0.9447  0.0595 18008.0000  0.7817  0.9551  0.6614  0.9627 
 0.8254  0.2395 11171.0000  0.7054  0.8632  0.5776  0.9035 
 0.8379  0.5079 11578.0000  0.7307  0.9486  0.7126  0.9672 
 0.8118  0.5423 9001.0000  0.6779  0.9704  0.6904  0.9556 
 0.8547  0.4628 18716.0000  0.7650  0.9320  0.7131  0.9767 
 0.8443  0.4263 15519.0000  0.7200  0.9365  0.6768  0.9687 
 0.9009  0.1759 30546.0000  0.7205  0.9395  0.6321  0.9583 
 0.8180  0.0560 11972.0000  0.7791  0.8203  0.5409  0.8344 
 0.9107  0.1702 16420.0000  0.7206  0.9497  0.6405  0.9661 
 0.8123  0.3369 27207.0000  0.6578  0.8909  0.5774  0.9317 
 0.8588  0.3315 27467.0000  0.6932  0.9409  0.6540  0.9603 
 0.9354  0.2737 20479.0000  0.8139  0.9812  0.7952  0.9883 
 0.8991  0.2147 14684.0000  0.7523  0.9393  0.6591  0.9648 
 0.7574  0.6146 6472.0000  0.6247  0.9691  0.6309  0.9592 
 0.7956  0.3832 13506.0000  0.5777  0.9310  0.5881  0.9245 
 0.8962  0.3423 6433.0000  0.7997  0.9463  0.7359  0.9796 
 0.9175  0.1635 33337.0000  0.7545  0.9494  0.6626  0.9673 
 0.9030  0.1925 4905.0000  0.7818  0.9318  0.6406  0.9655 
 0.8412  0.2809 21533.0000  0.6317  0.9230  0.6063  0.9329 
 0.9013  0.1966 12968.0000  0.7620  0.9354  0.6446  0.9641 
 0.7938  0.5774 13551.0000  0.7096  0.9089  0.6741  0.9574 
 0.7823  0.4914 11082.0000  0.6702  0.8907  0.6089  0.9500 
 0.8706  0.3494 40176.0000  0.7003  0.9621  0.6831  0.9714 
 0.7626  0.5143 11924.0000  0.6443  0.8878  0.5989  0.9359 
 0.7480  0.6914 3781.0000  0.7043  0.8458  0.6566  0.9526 
 0.7882  0.5194 11359.0000  0.6492  0.9385  0.6458  0.9421 
 0.8524  0.3424 15828.0000  0.6651  0.9499  0.6488  0.9583 
 0.8638  0.2516 5625.0000  0.6947  0.9207  0.6251  0.9440 
 0.8579  0.3757 10075.0000  0.6867  0.9609  0.6744  0.9683 
 0.7551  0.6347 6528.0000  0.6259  0.9795  0.6457  0.9451 
 0.8413  0.5045 30508.0000  0.7224  0.9624  0.7185  0.9664 
 0.9059  0.3649 17670.0000  0.7766  0.9801  0.7761  0.9804 
 0.8101  0.5724 6626.0000  0.7269  0.9216  0.7008  0.9565 
 0.9195  0.2303 15755.0000  0.7696  0.9644  0.7077  0.9829 
 0.8727  0.3225 16870.0000  0.7076  0.9513  0.6721  0.9682 
 0.8807  0.0595 10056.0000  0.6923  0.8926  0.5933  0.8988 
 0.8190  0.3879 6254.0000  0.5812  0.9697  0.6166  0.9473 
 0.7884  0.2057 18621.0000  0.5717  0.8445  0.5546  0.8489 
 0.9305  0.0940 14624.0000  0.7125  0.9531  0.6405  0.9605 
 0.8616  0.0647 8251.0000  0.6142  0.8787  0.5853  0.8807 
 0.7961  0.4620 9068.0000  0.7262  0.8561  0.6203  0.9471 
 0.7701  0.5523 6763.0000  0.6337  0.9382  0.6282  0.9450 
 0.6921  0.1902 4842.0000  0.6037  0.7128  0.4802  0.7418 
 0.7495  0.6107 8423.0000  0.6297  0.9375  0.6240  0.9464 
 0.7783  0.4962 28411.0000  0.6598  0.8949  0.6064  0.9475 
 0.8397  0.3962 12848.0000  0.6704  0.9508  0.6462  0.9666 
 0.9154  0.3585 122886.0000  0.7946  0.9828  0.7930  0.9837 
 0.7820  0.3953 13019.0000  0.6070  0.8965  0.5711  0.9199 
 0.7410  0.4828 10780.0000  0.5739  0.8970  0.5664  0.9040 
 0.7973  0.4494 5047.0000  0.5970  0.9608  0.6180  0.9436 
 0.7802  0.5481 6948.0000  0.6686  0.9156  0.6458  0.9433 
 0.8003  0.4465 4762.0000  0.6463  0.9245  0.6245  0.9421 
 0.8457  0.5501 6273.0000  0.7476  0.9656  0.7431  0.9711 
 0.7583  0.5108 7220.0000  0.6003  0.9233  0.5964  0.9274 
 0.8970  0.2361 16406.0000  0.6783  0.9646  0.6533  0.9723 
 0.8383  0.4624 12115.0000  0.7051  0.9529  0.6902  0.9657 
 0.8106  0.5166 9259.0000  0.6787  0.9515  0.6711  0.9596 
 0.7964  0.3152 7274.0000  0.6420  0.8675  0.5717  0.8998 
 0.9108  0.2699 6870.0000  0.7546  0.9685  0.7093  0.9852 
 0.7977  0.5575 20755.0000  0.6950  0.9272  0.6711  0.9573 
 0.8412  0.5122 6587.0000  0.7389  0.9486  0.7180  0.9706 
 0.8820  0.1454 15796.0000  0.7140  0.9106  0.6144  0.9275 
 0.7756  0.5647 20090.0000  0.6355  0.9572  0.6374  0.9547 
 0.7847  0.3051 11868.0000  0.5852  0.8723  0.5626  0.8823 
 0.7672  0.5781 3484.0000  0.6400  0.9415  0.6375  0.9450 
 0.8796  0.4449 121680.0000  0.7645  0.9718  0.7539  0.9803 
 0.8343  0.5338 12245.0000  0.7272  0.9569  0.7153  0.9705 
 0.8567  0.3778 7915.0000  0.7258  0.9362  0.6639  0.9738 
 0.8658  0.5285 10127.0000  0.7599  0.9845  0.7672  0.9763 
 0.8574  0.3968 9990.0000  0.6980  0.9622  0.6862  0.9700 
 0.8919  0.0832 10366.0000  0.6833  0.9108  0.6248  0.9161 
 0.8191  0.0955 11617.0000  0.7286  0.8286  0.5504  0.8474 
 0.7823  0.3735 51029.0000  0.5881  0.8981  0.5822  0.9016 
 0.7972  0.5716 4507.0000  0.6506  0.9927  0.6763  0.9585 
 0.8422  0.5781 10629.0000  0.7409  0.9810  0.7486  0.9705 
 0.7793  0.5724 5606.0000  0.6482  0.9549  0.6502  0.9522 
 0.8703  0.2227 8958.0000  0.7088  0.9166  0.6220  0.9414 
 0.7887  0.4841 8568.0000  0.6661  0.9038  0.6151  0.9517 
 0.8455  0.1792 12508.0000  0.6983  0.8776  0.5943  0.9003 
 0.7753  0.2620 5927.0000  0.6948  0.8038  0.5467  0.8564 
 0.6914  0.4045 5422.0000  0.4355  0.8653  0.5021  0.8200 
 0.9216  0.2162 42155.0000  0.7636  0.9651  0.7014  0.9823 
 0.8763  0.1678 17999.0000  0.7192  0.9079  0.6260  0.9267 
 0.9015  0.0670 26205.0000  0.6838  0.9171  0.6078  0.9226 
 0.7191  0.5920 18625.0000  0.6058  0.8835  0.5806  0.9200 
 0.8732  0.3123 11932.0000  0.7013  0.9513  0.6723  0.9644 
 0.8438  0.2081 6064.0000  0.6870  0.8850  0.5865  0.9115 
 0.7791  0.6010 7048.0000  0.6667  0.9484  0.6599  0.9587 
 0.7503  0.6343 9866.0000  0.6206  0.9751  0.6382  0.9447 
 0.8555  0.1206 17711.0000  0.7551  0.8692  0.5740  0.8941 
 0.8973  0.1254 6484.0000  0.6716  0.9296  0.6254  0.9363 
 0.9038  0.4462 20420.0000  0.8054  0.9830  0.8080  0.9809 
 0.8565  0.0926 28244.0000  0.7683  0.8655  0.5783  0.8848 
 0.7747  0.4804 6782.0000  0.6025  0.9339  0.5992  0.9370 
 0.8251  0.0958 23548.0000  0.6906  0.8393  0.5706  0.8520 
 0.8814  0.1129 14816.0000  0.7327  0.9003  0.6180  0.9149 
 0.8735  0.4814 5733.0000  0.8207  0.9226  0.7622  0.9769 
 0.9305  0.0556 11731.0000  0.7531  0.9410  0.6243  0.9485 
 0.9453  0.0841 17159.0000  0.7782  0.9607  0.6554  0.9720 
 0.9346  0.0574 35863.0000  0.8601  0.9391  0.6537  0.9517 
 0.8827  0.1930 37352.0000  0.8040  0.9015  0.6421  0.9402 
 0.9227  0.0735 18247.0000  0.7547  0.9361  0.6385  0.9453 
 0.9233  0.2153 12311.0000  0.8045  0.9559  0.7077  0.9825 
 0.9026  0.0868 59693.0000  0.8529  0.9073  0.6098  0.9304 
 0.7982  0.3301 35604.0000  0.7592  0.8174  0.5767  0.9073 
 0.9000  0.1664 27932.0000  0.7732  0.9253  0.6267  0.9545 
 0.8042  0.0777 13986.0000  0.6532  0.8170  0.5514  0.8255 
 0.9463  0.0511 9718.0000  0.7626  0.9562  0.6559  0.9619 
 0.8955  0.0897 18108.0000  0.7968  0.9052  0.6191  0.9227 
 0.9294  0.0669 13263.0000  0.8343  0.9362  0.6226  0.9514 
 0.9818  0.0683 21722.0000  0.9501  0.9841  0.7765  0.9969 
