X.1.4 Y.1.4 X.1.10 Y.1.10 X.05.05 Y.05.05 BB BW X.4.1 Y.4.1 X.1.1 Y.1.1 X.05.2 Y.05.2 X.2.05 Y.2.05
0.0142442546239969 0.755547395503358 0.0300425440699971 0.750018936607557 0.127611009067334 0.715875794078871 0.410591687593401 0.7605320349138 0.97271888136239 0.420138451724735 0.303852753480896 0.654201696826435 0.577701948010447 0.558370814579353 0.348948577981255 0.63842084833808
0.382574843446716 0.420020997352804 0.0356390632207269 0.6202018906987 0.307936372270572 0.463087168931532 0.0637685539393384 0.640765522126074 0.708475933788261 0.231977056296981 0.760134312789887 0.202170328231601 0.701666246919496 0.235906224974560 0.207023259835966 0.521313728856587
0.196418584335107 0.767698041432828 0.0355839529875393 0.858797422274 0.861474185725806 0.390999608986911 0.312536309104519 0.878952758583633 0.855154742711642 0.394579045461679 0.27879192517139 0.721040426184607 0.666992783235082 0.501157074475425 0.320676375878238 0.697316384326852
0.717829843318359 0.527840511726587 0.0833499292833012 0.747475003527626 0.0271051205620234 0.766944965785977 0.430163189571409 0.776327799266056 0.947544039205387 0.448321586766034 0.258945572655648 0.686690006175557 0.961087363364535 0.443633367244514 0.167293578258543 0.718416683043767
0.096425848060692 0.756571596375268 0.0876800272632843 0.759832710643177 0.523236409493828 0.597423810955717 0.419649696503262 0.792526564604107 0.983466088326999 0.425814809705347 0.622750785434619 0.560317202123905 0.7350887756286 0.51842896417163 0.210391505562677 0.714076438934874
0.500473024860834 0.579706059503841 0.0075300620018484 0.782886254599986 0.455725612689338 0.598149953869066 0.373812080054545 0.785989979740412 0.435917257467775 0.606314520120521 0.18100335681811 0.711384396291032 0.552509210786006 0.55825789368154 0.473336942697063 0.590890952855807
0.0681097780896604 0.775766087635088 0.0182042706908252 0.803498257202751 0.810791546588267 0.363062604345857 0.257920683400835 0.813614253371651 0.661802515445928 0.445854850947837 0.887802277226001 0.320268236511714 0.780871069651044 0.379689220990333 0.613169062637356 0.47288014795904
0.0316465176365631 0.778111697291716 0.0830077431708269 0.7642395493646 0.613426204939919 0.620978883592009 0.516569208510501 0.786659101865224 0.906357239342006 0.541861171750061 0.643135342746973 0.612954745730041 0.427560801922188 0.6711792504714 0.187400252367116 0.736044187688741
0.0598492059992404 0.836507494657323 0.0365830126094023 0.846272048925322 0.912237410552387 0.478769950689495 0.44193699941971 0.861625519341648 0.563728067717443 0.62503532096286 0.845983638195321 0.506575898349277 0.81871541971613 0.518020056603717 0.46746217348395 0.665437011632677
0.00232963900380482 0.789274993220651 0.179275607716185 0.683636271174134 0.290939574806161 0.616971634122111 0.193654631105266 0.790665813757465 0.933361601892936 0.233438499969212 0.0429385914467275 0.765030994496435 0.670649512030599 0.390280555434957 0.686670125496249 0.380716070043016
0.318746188330372 0.720920034986779 0.131915309243148 0.7767937191826 0.0376730273675926 0.804977836931948 0.51718411875926 0.816244340863852 0.66250254357749 0.618116183036711 0.740447382908314 0.594805982074528 0.917068737673796 0.541985560489949 0.326803152616933 0.718510517457751
0.329491397935593 0.610313363046468 0.0247755512516253 0.761023677177755 0.962407075593712 0.297277721360917 0.278684525411178 0.773277490533845 0.813059735375248 0.37114386519275 0.858772494830191 0.348534655949991 0.779201138982009 0.387890088777774 0.336772366209619 0.606712247358853
0.346844225258474 0.639590110853451 0.0761464799621725 0.82818346281456 0.988261799002685 0.192718674570247 0.184540746565514 0.881234218299748 0.923074128869737 0.238134498789437 0.288864707108587 0.679984062642774 0.859408160683503 0.282490163196426 0.16882259474171 0.763616618661964
0.109755175945207 0.807782076167782 0.026704827837261 0.852407243524019 0.987728676895454 0.336023494694752 0.329429785460553 0.86675645985612 0.839618266482525 0.415607168965294 0.448309540050104 0.625867785601191 0.590015268161302 0.549725517972399 0.653893889298165 0.515401830911954
0.215312393664032 0.616812538372034 0.274239690382789 0.585982972191196 0.554086691595419 0.439572698433504 0.206279901752407 0.729459614678643 0.433062693374801 0.502889999079752 0.817808664403856 0.301598712407245 0.881891942254635 0.268071641497902 0.0951810140285338 0.679662839083167
0.0843949906643322 0.670167730786547 0.205506781001409 0.598703646186714 0.871543985465765 0.205696995108372 0.129899325331695 0.719966439366875 0.762925219772654 0.269789356710969 0.445834209676832 0.456894333924711 0.702159754746519 0.305645059291947 0.393297147797292 0.48789472640786
0.495809048325772 0.632627683030283 0.0356598434659568 0.781186465865952 0.940873055936141 0.488939143408218 0.469850059367324 0.792699216264004 0.879307606835314 0.508815496744385 0.348969966871664 0.680034556677225 0.585653922441397 0.603621341170565 0.061572919252316 0.772820451195726
0.0182706752589645 0.775056498722351 0.232111474013902 0.667511066134159 0.894747847377826 0.33425606597976 0.281322349165682 0.784245239532544 0.37743564147627 0.594424215793828 0.0776553796604276 0.745190571541186 0.737328541662695 0.413425838209558 0.275295062151957 0.645793051171357
0.350589331658926 0.640241491900575 0.108228112623184 0.707057544778035 0.0543889668733959 0.721900345221139 0.461206835581802 0.736894724689198 0.836593655859407 0.506255985664679 0.126910741906613 0.70190697014791 0.93002610791338 0.480497790183791 0.131401790962373 0.70066884231385
0.0269380232439146 0.843476506216109 0.149476847008012 0.767215951010332 0.529869628712953 0.530483103101375 0.23790315144076 0.860241059242028 0.680195029104278 0.436929907932449 0.500678423792124 0.548649896498001 0.734379966398613 0.40320856742235 0.21704595663876 0.725165132690737
0.132695234352766 0.776409654100792 0.0327131929397054 0.808454615759426 0.218878583126922 0.74878727244056 0.498432253672495 0.818939428818539 0.6672552775804 0.605079324699956 0.531690938165411 0.648528668176393 0.651206511455482 0.610223069395233 0.334543845380822 0.711715725973037
0.0363402374223576 0.743036921214524 0.0525967889323635 0.738880889131055 0.237083590769785 0.69171633107943 0.496674653770802 0.752327402812373 0.976248163268324 0.502746876126041 0.656412838492543 0.584513656145574 0.791414703538267 0.550000058220895 0.112582963247679 0.723545258762858
0.079687321541128 0.693659799537679 0.150038304439956 0.676251082114943 0.099687208122096 0.688710723353832 0.465923630124202 0.713378842623108 0.714663076682081 0.536531739117622 0.253360442118719 0.650683480579804 0.715202595269643 0.536398232430889 0.0906441037761261 0.690948486661414
0.120630655356973 0.776961029857846 0.0202532877741484 0.844920749466423 0.00165747774026567 0.857510898682622 0.181590823072866 0.858633081154612 0.774068184741875 0.334556209447735 0.0372748931404203 0.833396403333066 0.826499029713806 0.299058311774805 0.262887559784541 0.680647094056486
0.0635286472929705 0.872248764306287 0.20487601342315 0.789601627233219 0.911559698514515 0.376397016577397 0.324685138812922 0.909394563090065 0.408764075241868 0.670386355990214 0.304205983411521 0.731522457667853 0.781010588599147 0.452730311475905 0.112117718893209 0.84383827622475
0.316971883564859 0.619793529830324 0.00599830766897251 0.841994858161109 0.98529265200418 0.142255327201857 0.131746420612352 0.84628085554189 0.488583594152736 0.497171053178122 0.242331692250446 0.673126516754199 0.502447226562013 0.487265010428488 0.329116308131719 0.611115920284897
0.234180597257154 0.806417221918292 0.144636045393977 0.83001571753918 0.970721356336555 0.612309891923498 0.60459382288411 0.868132978867014 0.816159131633965 0.653043090168459 0.426050598034635 0.755851963854955 0.820522352655777 0.651893210583004 0.131907177443530 0.833370272655459
0.274706264293947 0.7075479521909 0.209800221429273 0.733029258124864 0.925209125098275 0.452168611909234 0.422806643742216 0.815394218170245 0.70802968696915 0.53743056073999 0.84663488669321 0.483015881577209 0.819561257241046 0.493644652094797 0.196262085081071 0.73834416223608
0.097844370918184 0.786631061204304 0.137941754624139 0.770913811557717 0.0491553224248099 0.805716045297954 0.433006861023714 0.824983798019049 0.982426489801897 0.439895271723423 0.201740354998037 0.745906231598567 0.613430946749878 0.584533014453883 0.113801411970572 0.78037626912908
0.0371254750737858 0.684095983453406 0.0819533496457914 0.664459790295729 0.061683194401788 0.673338834584746 0.262322916169397 0.700358253449017 0.844493036901914 0.330440461199397 0.681357273366302 0.401899690402087 0.91288223662628 0.300483575031851 0.419311042844415 0.516685199371595
0.23149917303734 0.698042260133152 0.315397589222894 0.636906298013754 0.000144537838010396 0.866628138827354 0.138043161437351 0.866733462147998 0.6172399048735 0.416956730255116 0.596950829029083 0.431741183033325 0.773138636641578 0.303354836522627 0.173208157196285 0.7405183579951
0.163508193901312 0.789439754106962 0.0278701683739638 0.865211454702648 0.0446173286331836 0.855855960120241 0.322148915597407 0.880780614201786 0.570730788820176 0.561952304197354 0.19267542893067 0.773146012058919 0.830155577914718 0.417029393605387 0.301834078701645 0.712166530119998
0.0734464542172443 0.849955656560246 0.10692095173302 0.844339193379264 0.827566479087381 0.723426875904816 0.694495402895658 0.862278748361412 0.99690373939929 0.695014903857679 0.253953085513785 0.819669650082558 0.780986658537216 0.731242194027917 0.0443192098423836 0.854842723065658
0.300529160581988 0.633384624522547 0.091026651164894 0.735482429629304 0.947505648203578 0.318090647731388 0.292508337935536 0.779842859086745 0.685812732924432 0.445622639287615 0.721247198758647 0.428354200848049 0.676101825975844 0.450355099475349 0.244407070425218 0.660734856455102
0.184385535797549 0.774768629673312 0.0429286588578745 0.85672342267255 0.149965804895745 0.794710126913844 0.302232291907272 0.881594672671461 0.471494742758513 0.60842835598909 0.358508452307433 0.673888362218542 0.941859560752239 0.335916675208531 0.565165916784574 0.554158801596375
0.205675640702184 0.658119568169143 0.0373621414643594 0.768499688236405 0.971079127270483 0.156167382932157 0.137201052728164 0.793001808859415 0.980691640119215 0.149863489737637 0.275721076410264 0.612183718468242 0.822601635113988 0.253539034556859 0.0494043708434656 0.760602385104082
0.280960045492428 0.684055929509813 0.0492231902317248 0.80372068057156 0.9977447579608 0.313921174354452 0.312756607859834 0.829138652170932 0.9724466249107 0.326984676016117 0.033944466849789 0.811610338985988 0.602266967929054 0.518138804050681 0.361582917844252 0.642423725866545
0.398467834400041 0.766030384189427 0.0655000840658379 0.873683170188482 0.928282224079947 0.594734530299123 0.571547244516339 0.894860195668524 0.866359876740803 0.614754827159612 0.888559172162786 0.607577507443231 0.603936009067483 0.699599862269843 0.456165091601795 0.747376113690141
0.252055238754012 0.594532546570375 0.0414114594257661 0.690543146796539 0.77197411790307 0.357555580931013 0.253622287116004 0.709418325965791 0.678014006358923 0.40038222758272 0.601977385114878 0.435039418353277 0.728241905925196 0.377488549920667 0.408400663740877 0.523270921169075
0.285482425230902 0.794783183029476 0.0706127561518668 0.862211859442002 0.334822136250177 0.779299790595048 0.570559007757688 0.88437098830169 0.95169547776816 0.585717545548494 0.794330366887152 0.635100602662589 0.399350753377669 0.759049937452504 0.397844675896309 0.759522562609783
0.0327888858012496 0.871087374819066 0.0660749547537175 0.864352851468951 0.809718521149348 0.713896966479783 0.675398726743394 0.87772130679127 0.914111929879798 0.692775822685446 0.546090330695733 0.767234902145711 0.792951893399893 0.717289233864755 0.349301663569814 0.80704969300281
0.34078003150501 0.638927364276447 0.00495592662006335 0.726443313647972 0.984032964049988 0.471295290643798 0.467134272153797 0.727734830894237 0.934865130469295 0.484108455546984 0.787523815408349 0.522505684577418 0.523539636529292 0.591300109091937 0.172302995572872 0.682832573975295
0.22911367424861 0.688112057855305 0.00582335209574415 0.801396865563997 0.905686555081449 0.344857464610586 0.297008187629258 0.804351303159079 0.855138072711907 0.370502889141254 0.30283410102129 0.650710506858265 0.706792620850755 0.445764932863170 0.446850280703096 0.577644889571795
0.453323695553794 0.557635973712013 0.0302868995244803 0.590354460887663 0.884251454567788 0.524307184137987 0.5153549668962 0.592696908502109 0.984693071905585 0.516538834435044 0.535327987046912 0.551293602587918 0.869488627301254 0.525448969862373 0.161006967364702 0.580244317034044
0.165700129886674 0.552859641268922 0.0686120040560874 0.583540048987345 0.481696067910038 0.453003102346342 0.28921607048696 0.605221837988938 0.94843191585636 0.305511882495378 0.986843965481967 0.293373453272114 0.923643229610569 0.313345250317845 0.158653768353667 0.555086332153256
0.01676085024786 0.613934846527143 0.0871914193698898 0.582752902486162 0.376244676485522 0.454779458559757 0.178622331966146 0.621355429677657 0.952792252514836 0.199522764246236 0.544450495159253 0.380309175405235 0.907621873793434 0.219521185942364 0.311484095569979 0.483451111158092
0.266144919490934 0.658755187298415 0.0327685929064759 0.83563179604853 0.432116232629481 0.532965037768723 0.10256424945061 0.860467209612694 0.958744422168656 0.133831974012183 0.202396619133651 0.707070212844502 0.645020431310258 0.371604315357625 0.432085261182697 0.532988511119921
0.12647373717052 0.669104640345438 0.0825968757268877 0.679722125967441 0.0496034718269367 0.687705992178536 0.457725516340643 0.699709224214642 0.745715463187796 0.519258231413482 0.542118237819523 0.568525442920956 0.485217156268751 0.582294577616652 0.0744179153840297 0.681701301117761
0.478004786389956 0.58006008769211 0.181218427411383 0.738413099481255 0.929227372297646 0.339306248089504 0.30154488066187 0.835103809495851 0.969312870494226 0.317918272609961 0.155707152560353 0.75202486796396 0.669815787355227 0.477717615478507 0.105144457822674 0.779003045207155
0.0580593328668884 0.75572165015259 0.174879775055513 0.693133413325323 0.96262584942043 0.271087092164403 0.251063351936514 0.78682777513745 0.997982255691173 0.2521443875523 0.690683415159583 0.416784173600023 0.696481295866564 0.41367787538726 0.187023366852092 0.686627308870842
0.498165715779958 0.498437916964412 0.131528365159043 0.669917074965398 0.972114696914806 0.276768269606358 0.263726095137354 0.73143392062371 0.794974776715259 0.359617996489715 0.744515712605789 0.383218095640432 0.846958214996558 0.335304935609864 0.419506339847987 0.535227522635668
0.199912864201252 0.637599301512535 0.0864522660417645 0.706117149486298 0.0142078427311521 0.74974491536843 0.154433783035682 0.75832490546261 0.994198606084115 0.157937193319186 0.660923853749409 0.359198857583148 0.943602400895072 0.188491792461341 0.319832867798659 0.565180675938655
0.596506368822705 0.570180235549057 0.146785310632391 0.778285701109937 0.00255969265297035 0.845025158444202 0.38346620818086 0.846209639405317 0.603422094418878 0.566980028957277 0.250917955068871 0.730099003920923 0.480841059481560 0.623703597667217 0.301466380974537 0.70670805187434
0.0806651567336121 0.69712921734821 0.0265332891532632 0.730544769377102 0.653980199125802 0.343222369416768 0.129624664848812 0.746923744347484 0.62007474113848 0.364152177422323 0.59546359279193 0.379344616642054 0.688928401150056 0.321648876477062 0.259869060511095 0.5865068125038
0.42904872237291 0.510253681637102 0.103491694415198 0.700391889001756 0.962152870929537 0.198899729977413 0.1767955065776 0.760835140301471 0.772297574603618 0.30978274770414 0.430969642708078 0.509131788028138 0.66493767763258 0.372485182607737 0.524254361110553 0.454649815260322
0.292504836366394 0.532760409222911 0.0205660113365609 0.60179704182139 0.0239067318770685 0.60094893895655 0.353149852798629 0.607018099051826 0.746869628758147 0.417411616219219 0.83258470101282 0.395651281148459 0.747139030249114 0.417343223735169 0.310216679947776 0.528263934554995
0.0539956834314351 0.778426247656587 0.110051092279419 0.756248614170737 0.0614535654748661 0.775475628297295 0.404151267952385 0.799788976099222 0.543447876194043 0.584780503864545 0.896370655158535 0.445150944442221 0.447240592389778 0.622843733135897 0.351131328993874 0.660868181837533
0.208256182570628 0.750014042067917 0.103668583706066 0.820502197492988 0.705337156262436 0.414999936066619 0.216408128310676 0.890370970849503 0.649212901778727 0.452825598153832 0.470422941725701 0.573323387848573 0.407442359384128 0.61576996014825 0.186467881020131 0.764698547714984
0.0245265010021216 0.762454999324065 0.278640163532089 0.60197076903309 0.0297008817255259 0.759187144698066 0.146399522033635 0.777944590068097 0.90517197779559 0.206287691768293 0.924646899104118 0.193988401265532 0.931211517893198 0.189842548645763 0.151105094820666 0.682514912679226
0.0926322775971536 0.756936280305733 0.00640860426169625 0.81319736729414 0.103001967568163 0.75017004074607 0.16487736671748 0.817378991990629 0.668937024216278 0.380896496484124 0.359949860256165 0.582511123156638 0.557336864652608 0.453715781980161 0.281821461521328 0.633490030311108
4.93615843042495e-05 0.77780574977719 0.141061768942901 0.742073952023282 0.140188935871674 0.742295123304294 0.524423549976162 0.777818257741419 0.862543438960635 0.559254315091149 0.181068045785651 0.731936573193938 0.696732956157492 0.601269813925468 0.160334486491004 0.737190347392338
0.054843167787796 0.670624867079072 0.213146995105263 0.615749510577943 0.9853089212861 0.348082823715112 0.3429902230151 0.689636020725858 0.472343160994207 0.5259002488898 0.890357590978965 0.380997303353126 0.801726468748856 0.411720909420582 0.316225066896220 0.58001793015548
0.0762230076488762 0.736084376685593 0.115727555904038 0.717081710962273 0.257053780338304 0.649100298201468 0.291724773453101 0.772749530414782 0.907816848413323 0.336067151541044 0.66531371162273 0.452717163978184 0.551707687741875 0.507364474004856 0.104340482708749 0.722559175078542
0.538828376500007 0.518794738401562 0.0391081644063357 0.723854439383252 0.977152399307297 0.338928903731048 0.32955341310087 0.739902436452466 0.94401460360015 0.3525269658355 0.89626583759673 0.372120625331248 0.861948567727351 0.38620268350624 0.383787240154151 0.582415717280406
0.241664371287135 0.702119203524887 0.032082428643288 0.827704000913859 0.149110347520172 0.757579030720307 0.247712563890947 0.84692829691039 0.754082793752964 0.395070022894358 0.677342494251207 0.441054017712435 0.942199772207056 0.282347369756587 0.109756666431712 0.781160375580741
0.0462108884466469 0.81377747439403 0.106731750172207 0.791647142866469 0.498596476827431 0.648356117795442 0.465010641863298 0.830675156488262 0.662707990947871 0.588346360640224 0.997486444888636 0.465929759773078 0.97441648809643 0.474365624325919 0.367465536135182 0.696306049575988
0.0270600299850589 0.79127046961089 0.143881324307927 0.766032363924425 0.677279528209936 0.650796864086152 0.581076241476776 0.7971165261933 0.670825624872603 0.652191167200683 0.214264843380079 0.750826688424726 0.589433829484177 0.669775073849987 0.101651080512563 0.775155797817624
0.1128696517789 0.624734499938879 0.12346165109006 0.618726032783365 0.998889978672127 0.122126458070277 0.121496782171091 0.688761467430585 0.897275477774836 0.179768775939581 0.439307859633118 0.439557632703782 0.895838794252306 0.180583755765806 0.323050721339514 0.505506201667073
0.264528235085014 0.765295898943744 0.0203932214518699 0.894481407183427 0.0918465195386275 0.856671465498412 0.37611659879939 0.905272602754673 0.297920156374279 0.747626363309927 0.386882626218721 0.700551338265049 0.903291350141334 0.427290561506513 0.422561282269505 0.681671763202721
0.108202267297012 0.604786711517657 0.105458628612234 0.606251659734197 0.344278323021192 0.478735421047226 0.128617052121309 0.662560615706187 0.96042494004763 0.149747900661363 0.440277020679787 0.427477534319889 0.679619141741059 0.29968234928447 0.167699895765752 0.573018335748209
0.482128558119747 0.537170878555818 0.115986651116172 0.766614841673128 0.461945561639134 0.549818615980886 0.212645131195464 0.83929823680424 0.864786699616947 0.297376965800116 0.273908317787573 0.667652738810582 0.296845247274039 0.653279240714759 0.409644858108075 0.582593014274148
0.306533236019509 0.610437726396444 0.0205165072031537 0.660850274818004 0.959431510101976 0.495359611935285 0.488209117732245 0.664466459847112 0.623895533579065 0.554500291341129 0.0704512691590935 0.652048906396511 0.87931669639841 0.509480436062703 0.164660333575271 0.635443867099387
0.214323707585472 0.728240979906322 0.0241350860638536 0.829288788364442 0.638410085254245 0.502922563286426 0.310808712556069 0.8421118349494 0.753614336316572 0.441714184984028 0.223591852700338 0.723316785468001 0.780112547971339 0.42763560239401 0.165980515819889 0.753925868637837
0.181799541967418 0.79306430610452 0.340436999101867 0.702097142897948 0.34548792891508 0.699200798207589 0.323885236129513 0.897313257794496 0.943816545100218 0.356102403522999 0.755775348516181 0.463930494871699 0.610780661528468 0.547074511382997 0.275702067845630 0.739217966460832
0.0642746074203958 0.82231108887355 0.0298934343357118 0.839035116513373 0.901374057517354 0.415120958792215 0.367146359902858 0.853576174226798 0.834877085499823 0.447467068543807 0.663466911995783 0.530846087414611 0.313532881271711 0.70106443300535 0.49041436363521 0.61502400638193
0.302319260512958 0.749259847933357 0.0737861301950993 0.832787348024404 0.09160192832688 0.826275779754173 0.494261686616563 0.859755739819576 0.548802133450918 0.659171823658139 0.247376770712435 0.769341001223616 0.969884276708893 0.50526880438737 0.465630275603441 0.689570643095238
0.0389927559628343 0.744524602328245 0.00281502461696602 0.75746669986229 0.104624849353543 0.721045602334976 0.400737166782668 0.758473737114162 0.904843388645718 0.434778166572916 0.685497332597152 0.51324627237947 0.798039743256412 0.472985736373387 0.310644333111953 0.647344898793778
0.137325473601145 0.790806772682964 0.140155533569579 0.788724330908184 0.11542592830448 0.806921105411996 0.156025357501337 0.891854915181052 0.902412786334107 0.227832913768307 0.48028750764206 0.538445170873702 0.755403675495814 0.336006562771336 0.170517465661038 0.766383123847024
0.14364036413528 0.843636758096644 0.00370190679001637 0.91131551644378 0.94485821020993 0.456141926321334 0.429473575556089 0.913105878148618 0.886905972374428 0.484169500546108 0.27773121651262 0.778786090404795 0.707294731431856 0.571035298574665 0.182213141081555 0.824981717164728
0.148428618713094 0.6869224988934 0.0938236731606258 0.718269226176343 0.784461213973456 0.321799155119857 0.198066121854971 0.7721300086658 0.800690682030186 0.312482403606338 0.340040683280677 0.576924932347885 0.712558180448901 0.363076090018452 0.752101881843259 0.34037547909712
0.0876184910064466 0.778138341498373 0.00999175268152452 0.834951623528408 0.459788807108692 0.505755170593768 0.110386622078286 0.842264364928075 0.786212736950318 0.266852761609121 0.30381251941435 0.619910743969592 0.538118835998399 0.448427165852611 0.103086100797407 0.766817942157283
0.417292836773158 0.526961780486117 0.00938438308854467 0.724624785974241 0.874397275179811 0.305459538251934 0.244595361838831 0.72917224104456 0.98533789757624 0.251700277673931 0.915116573916748 0.285727907546543 0.274539511870903 0.596136741163494 0.594910013882342 0.440892603109218
0.215887945277295 0.671296476436217 0.0358096735904293 0.76084428212116 0.712685775715688 0.424253037113587 0.281379840443475 0.77865141488781 0.621142891683231 0.469774711185583 0.95182328275405 0.305336752479929 0.581555327788768 0.489460481411798 0.236700747964472 0.660946861275365
0.122912683486283 0.7313126037846 0.0867590472233884 0.756690025722633 0.00437363281746996 0.81451904761453 0.115656276830033 0.817589043799807 0.969797970754438 0.136856070786472 0.290819991612807 0.613452962396903 0.901358165547291 0.184896212626397 0.161466688294401 0.704250284511872
0.139304553597205 0.696449787489493 0.199925676496281 0.660994771432174 0.326143578658111 0.587174664943566 0.193061374122813 0.7779237844801 0.919165873665186 0.240338216090118 0.694393396843225 0.371799188666187 0.674601673780656 0.383374623521686 0.094641476730584 0.722571542279677
0.0903454012021569 0.695376255675445 0.138018188817143 0.67430318810553 0.298964164968907 0.603159342733125 0.29327657187753 0.73531213606784 0.95943462959896 0.311207908269342 0.0416198854800314 0.716914666508138 0.465156376657955 0.529696474675121 0.0732632124968619 0.702927190597395
0.543443782517422 0.518408164775424 0.0081606023724393 0.897419018368225 0.552590946546792 0.511931453802018 0.195140466256849 0.903197187729295 0.944632569222193 0.234343747769735 0.104788954602554 0.829000664086885 0.347867093005726 0.65688755434751 0.404907271333912 0.616499872688251
0.176288796837419 0.741775787808675 0.192694920411535 0.733458797860863 0.99118206074376 0.328670336430661 0.324200132861656 0.831144379029204 0.903538814626904 0.373100575765048 0.959549975814298 0.344706039879936 0.892746914444316 0.378571467467826 0.276959484193328 0.690741362095865
0.535670206229103 0.43151907669163 0.0754370274266477 0.763932281566711 0.108138180229621 0.740313178236024 0.096147004499894 0.818418279552321 0.915551710547607 0.157141578198671 0.151362020988017 0.709093839658793 0.694673326998998 0.316675689915843 0.499866619660525 0.457378978813967
0.0830940347903336 0.762872580348815 0.000824503801405043 0.808408680394442 0.994029263023152 0.25867087664057 0.255366079918677 0.808865042393076 0.96548856087503 0.274468125667846 0.258775340160355 0.66563316010036 0.516118369336794 0.523194060451182 0.216241244334359 0.689175738009835
0.0700601902851786 0.714851143038439 0.0345317277064413 0.735789414318792 0.921215935412795 0.213232761612087 0.166802322545383 0.756140271913442 0.714637912962532 0.334977029747434 0.16972988541238 0.656112009298034 0.758687777941493 0.309016772650793 0.593616159087745 0.406299742004927
0.0628836887399766 0.765228459213188 0.0435171082495769 0.777067000883698 0.673996085120426 0.391663307972307 0.19238130602239 0.803668449686086 0.919874064987156 0.241361259969774 0.405794580467045 0.555611439678178 0.829993960779624 0.296303812142992 0.374492723485077 0.574745862424055
0.0268972743630271 0.732960906691033 0.0127128589887788 0.739658213618031 0.550739170876041 0.485623961910231 0.273501179015471 0.745660711170526 0.932089970364234 0.30556554683693 0.650078757898882 0.438719828977051 0.773796769938476 0.380305190293282 0.110541964855916 0.693467268760656
0.220847262673116 0.519355906425885 0.00984043413226348 0.632214682438948 0.989307387070938 0.108338549053525 0.102619515144052 0.637477921355357 0.553884452264666 0.341228165991856 0.0723017803393304 0.598806706356823 0.600242219802744 0.316433324330926 0.0822314043571722 0.593495763480363
0.0216592228948471 0.850916333272812 0.0226312042236473 0.85057320848293 0.96607882654105 0.517521268511918 0.505546557505868 0.858562381694318 0.529136980846465 0.671768654292215 0.0696210479363799 0.833985050076193 0.835912238855953 0.563472133745371 0.205789307359684 0.785915499747569
0.140036504211167 0.660442495683709 0.178879275282001 0.646052081104057 0.82868560374468 0.405312756764747 0.341844442903179 0.712323020587786 0.8539690525247 0.395945780621764 0.856197978835553 0.395120011172355 0.781406774364913 0.422828550227956 0.265939515718094 0.613798127054413
0.320140970246624 0.662764237132182 0.190802797352856 0.698625207568781 0.845391210701012 0.517130640156739 0.47426300797793 0.751528177527318 0.916632877678093 0.497377807283358 0.189180412329733 0.699075038427291 0.414505207100955 0.636600321001368 0.223441071687744 0.689575750901519
0.09727426450639 0.774486748611977 0.0683697369304748 0.795074896836216 0.94476592128856 0.170834472932654 0.131492283493516 0.843773367146096 0.422374976028821 0.542923661512555 0.948293820489198 0.168321617067005 0.861174820020205 0.230374833127789 0.0235333624059567 0.827010998269592
0.340319973275469 0.61509470500482 0.118266252701398 0.766497279446262 0.157295451777789 0.73988605580508 0.165306004795329 0.847134591364487 0.931596119900118 0.211945725679677 0.262537529692054 0.668128998573196 0.288400420855223 0.65049494004682 0.326613131969138 0.624440421239044
0.114486855095747 0.631255748843876 0.101569372836717 0.637717455207436 0.863599603782516 0.256527414161636 0.188295905067473 0.688525457079712 0.846133932822887 0.265264258921365 0.922928943764418 0.226849125001308 0.664339909823378 0.356203001604913 0.306558496933053 0.535175837493345
0.378848877379823 0.179837163431963 0.0880126868022735 0.150373252913239 0.064343395205948 0.147975374271482 0.242764480211701 0.141456900641862 0.733969161864197 0.215813539909227 0.783445209264755 0.22082583851806 0.771944042742216 0.219660683175432 0.164747667881070 0.158147088114669
0.0386082484399912 0.306253770865376 0.0237034377157647 0.301859682282828 0.236759602964125 0.364670789413328 0.589681759120129 0.294871669690043 0.964043989592693 0.579081564476402 0.528426032979041 0.45065699572978 0.883985015371638 0.555479371126612 0.486974802886241 0.438436754879134
0.0030095043134454 0.267809391493164 0.0554138490942972 0.261404132336613 0.906026795747403 0.157435723075608 0.145949600512173 0.268177236089657 0.686045988257747 0.184323457047494 0.495493509573862 0.207614235970454 0.791224892830132 0.171467688228982 0.431788880034409 0.215400702214401
0.0447875451882756 0.189230696152807 0.24621449801976 0.244964899311893 0.744737906575434 0.382904755629171 0.45353497255769 0.176838123523222 0.7634795520171 0.388090509868601 0.0235785867553204 0.183362244183105 0.386070987709777 0.283662749326142 0.300708400984647 0.260043190553867
0.0346444947978743 0.302892037127138 0.0608469466550698 0.309521219625765 0.163572288405798 0.335510582812489 0.547125586526102 0.294127029949967 0.934525416850755 0.530560611496919 0.286261502187699 0.366550776806771 0.860879951123082 0.51192841496944 0.385450512485565 0.391645453240347
0.117263362546332 0.229477450442805 0.146257960182717 0.228486457345866 0.979602689367622 0.200003948833466 0.199306798478552 0.233485341301112 0.870862084978917 0.203720544237116 0.882571797585115 0.203320323323365 0.709027772426476 0.209251805218849 0.348557709908781 0.221572146686861
0.598959099381318 0.404329106725406 0.0450312639676585 0.258491378354259 0.0586301426444156 0.262071681505358 0.509914871135441 0.246635579055383 0.961607709329126 0.499806976026282 0.435546803753823 0.361306033215421 0.692260087912736 0.428893324936327 0.445797535698934 0.364004838665233
0.183203473941869 0.241553325338473 0.167393855740245 0.240626376612953 0.441075467270926 0.256672862857662 0.289443697463997 0.230811748627677 0.905716997447963 0.283915701282231 0.159242974361405 0.240148474552978 0.591721783204551 0.265505549945862 0.532974902698022 0.26206110585371
0.157881717903823 0.275095599658159 0.352217038184239 0.315171361446662 0.719193608135778 0.39084914136911 0.448756937300397 0.242537287003807 0.908166367854388 0.429819037793863 0.827105337753892 0.413102660513858 0.619038099977174 0.370195107501365 0.0856484382294858 0.260199677983941
0.253356392007854 0.309651755462926 0.0379449772649156 0.280060412199955 0.158584563977678 0.296632827481571 0.412219148771982 0.274847861840487 0.919217421172666 0.401121941956826 0.362869386328384 0.324695696428459 0.740905345243246 0.376626982610975 0.564929452477506 0.352452947752827
0.0350858939579329 0.182873891716624 0.139914290866635 0.190400363895165 0.113816860205154 0.188526619837282 0.252152821739103 0.180354793719127 0.922045072343265 0.246555811658909 0.403643457451835 0.209335597987334 0.66452261132519 0.228066206786961 0.153792305788305 0.191396777999372
0.0403717464660343 0.115661192776409 0.08574037374288 0.120607173478924 0.414646234497856 0.156463714394554 0.220277600819892 0.111259960230197 0.686436387745337 0.186093635637107 0.737533485982567 0.191664120727909 0.538311839052498 0.1699454468252 0.124342859401219 0.124815525386294
0.134767890832147 0.198661974396841 0.0298002555143135 0.193080069789837 0.906172404281044 0.239683251045082 0.244672757450766 0.191495370057947 0.508706151451841 0.218547034142812 0.950144668109715 0.242021581153239 0.737901146186186 0.230735025166295 0.198261602211155 0.202038404083851
0.10844150925036 0.242480130072242 0.0799894320630531 0.240257602452195 0.231427647157104 0.252087164616017 0.312124021361215 0.234009245929695 0.89316811206877 0.303778872426542 0.781042873160913 0.295020234569049 0.765214619301227 0.293783814073326 0.136617355332514 0.244681079961543
0.238232226739942 0.278255673683845 0.067513540876396 0.265316419346186 0.926557444633864 0.330425797981037 0.335992217955999 0.260199376228048 0.931781632730866 0.33082175404263 0.409233362181112 0.291216335677638 0.709866325309941 0.314002162270267 0.309397615444445 0.283649500726434
0.267264863326792 0.348881501413038 0.0773766943093226 0.269043211110504 0.135559194544638 0.293505985007107 0.656959255068141 0.236510257557458 0.895816979322446 0.613155608466629 0.347973474534228 0.382815356085684 0.506386999424078 0.449420163817755 0.163060887031585 0.305069044043091
0.00906705841881075 0.220317403949049 0.0473666266049333 0.228082836955688 0.03912221477223 0.22641124036079 0.421234117540324 0.218479011558399 0.966714107291135 0.414485232836435 0.961317772045732 0.413391098311839 0.618215350285076 0.343825330425102 0.626570055265122 0.345519289518779
0.0331943671271077 0.158988935324698 0.131082773899973 0.156118612239247 0.865177485696205 0.134593192961908 0.130639873176628 0.159962273857963 0.997753482197684 0.130705746471765 0.351912167854607 0.149643364267493 0.738431593009142 0.138309686811992 0.186958079085321 0.154480214152410
0.355064293338618 0.209693045197021 0.0409540348563248 0.178880724676152 0.0376821391222256 0.178559771452411 0.272957345462222 0.174863381037924 0.471991379170447 0.221162886594845 0.631658944534138 0.236825311071345 0.835543932865032 0.256825197863324 0.232614072200617 0.197681417560962
0.26907318398833 0.197852110036665 0.0170828523961718 0.192494154900558 0.000178886794212594 0.192134733613458 0.21339347252952 0.192130930025392 0.845291283511488 0.210103971869424 0.059882135130465 0.193404176468841 0.702274212907934 0.2070630653269 0.770286494008991 0.208509179344614
0.460791244296178 0.22262786915414 0.0251590009700596 0.181789527165876 0.223704249608001 0.200402150286041 0.273175990662249 0.179430996773696 0.300553347567148 0.207606368504562 0.703268384095281 0.245358887142721 0.406859352833266 0.217572024318551 0.734168725041442 0.248255639415873
0.345962821042514 0.228720093852669 0.0705414730694712 0.180427730497187 0.000339190740793928 0.168118466340465 0.343398935295638 0.16805899265543 0.93385465738428 0.331801014715481 0.82917549321428 0.313446576074288 0.561796811378519 0.266564413337991 0.433623544971591 0.244090520158192
0.121965797551824 0.0976166845636792 0.0552990552177796 0.0928213218376303 0.972825744096212 0.158819346189209 0.160774000178693 0.0888436409296847 0.788803295250886 0.145582545333883 0.573944762349129 0.130127693874544 0.784189936233155 0.145250704762392 0.118070943483805 0.0973365263113441
0.123977585082724 0.203596840658031 0.0167116218805514 0.183107599450425 0.055008781828788 0.190422871921961 0.370928900397051 0.179915454976454 0.906224045902405 0.353016432307266 0.239202360389754 0.22560632198724 0.85147848402552 0.342559293911675 0.198396725560119 0.217811897085857
0.435863609579206 0.163232741779729 0.262529513542103 0.157809783429426 0.944011477536196 0.179130737538949 0.180882403439414 0.149596242930392 0.723977605103709 0.172246722488604 0.984956118511036 0.180411738148472 0.333755854014089 0.160038182149903 0.401360971447576 0.162153286705158
0.273411305505944 0.355473057254284 0.0193412460224128 0.332654658579542 0.130486986483541 0.342636817917785 0.420729036401248 0.330917593364134 0.718634799155482 0.395459221692974 0.443522886373103 0.370751023809288 0.79145977121728 0.401999737522982 0.186190856785837 0.347639662892387
0.0870215567889374 0.299274100848573 0.259709076954515 0.345656323735714 0.951531093226067 0.531473126977613 0.544491413620036 0.275900939666454 0.894869560518665 0.516254379052796 0.440234440611675 0.394143716721034 0.619381958621649 0.442261033490941 0.203555645966083 0.330574047092412
0.0359243613378991 0.202496522375542 0.122743551762193 0.200422944546493 0.504045810448005 0.191315972851492 0.17947066991037 0.203354534974242 0.916027126061325 0.181476266700547 0.453800621209666 0.192516022171369 0.501819321159141 0.191369150021233 0.69598983321283 0.18673160771196
0.207218998327941 0.260975794115101 0.15389137333448 0.255026801527135 0.855455551783887 0.333290179993539 0.349414915553667 0.237859364585571 0.650100172958765 0.310381647564441 0.32811665488407 0.274462598802972 0.864501205569447 0.334299272885454 0.118484930311899 0.251077016267931
0.412438334937213 0.322853824083148 0.0346277287392201 0.253141929572053 0.457975879992963 0.33125620476051 0.431268029882745 0.246752578576009 0.851108004405134 0.403795156119598 0.0794399525038898 0.26141047726405 0.69816728080832 0.375575229481953 0.737888092482029 0.382904332974197
0.313826692670942 0.229856456588008 0.0359076608830325 0.214646781483253 0.669430165783054 0.249317568183581 0.26740866380063 0.212681662893535 0.953622578770417 0.26487056662693 0.769344408763573 0.254785575049808 0.921769164692208 0.263127324805778 0.246668814058491 0.226181107304266
0.00826612957453 0.173870575653923 0.00865713921309305 0.173924064977167 0.829933352935503 0.286272980543756 0.309537751947692 0.172739785941382 0.94864907261241 0.302513049528532 0.400565597228706 0.227536344894372 0.768701697483693 0.277896614622749 0.51329080377571 0.242956923867643
0.300097761564713 0.280305766564427 0.0330149242708261 0.245649523877884 0.00299439835979396 0.241754108350283 0.371123963936571 0.241365559998361 0.770917748946112 0.341398616669246 0.726073274156079 0.335579669195044 0.676942276228263 0.329204509320039 0.20773159246991 0.268320479884799
0.189207314564429 0.230795193342249 0.0127135927016123 0.194986931904411 0.78572305772164 0.351820414281055 0.395294395611495 0.192407510684956 0.976652140852976 0.390557421199452 0.601566379424185 0.314457439482865 0.902698842548502 0.375553266876414 0.296354525011462 0.252533957098416
0.161098545432624 0.169010445395304 0.0530375709175062 0.176621719928168 0.106303148924007 0.172869959043368 0.109922423050682 0.180357421134091 0.739139177939338 0.128296154552561 0.87765186931938 0.11854001340068 0.580714294548022 0.139454810910593 0.209359662232112 0.165611173726029
0.255967957750047 0.265084316326655 0.110893462599895 0.236643307106901 0.865725123310847 0.384623654716749 0.410947461681888 0.214903290097365 0.99097255205703 0.409177683128386 0.203566676238552 0.254811350502767 0.337911864110922 0.281148941565573 0.05353730925631 0.225398967539383
0.433747899108074 0.10468135531478 0.051040256940997 0.124919692116929 0.0859381256270335 0.123074223821219 0.0747368246336499 0.127618801820071 0.847158222355243 0.082819400032192 0.499644733499736 0.101196600421823 0.75411200524197 0.0877398679628589 0.258976729806318 0.113923600302639
0.287080061687395 0.133403571700178 0.113194707074481 0.129909795733773 0.642441462775878 0.140543638931687 0.147727851924882 0.127635441185736 0.868845821140214 0.145092648293076 0.765696699498221 0.143020133773663 0.925037477994492 0.146221674142705 0.577800791892145 0.139244852021837
0.209089410633081 0.148756986574313 0.0239039529337894 0.125036549821037 0.94350134923035 0.242827936619618 0.250064858399961 0.121974688426716 0.982639330558143 0.247841127300304 0.796314047649503 0.223974690142224 0.781138817893977 0.222030892383455 0.349504261856934 0.166742748734344
0.215599233508412 0.212261695315191 0.0866581576874327 0.204899166826505 0.203742577556199 0.211584680898545 0.257050936858819 0.199950990687223 0.941536789872222 0.253712690707504 0.720383313018829 0.241084839083514 0.641294009880384 0.23656884413156 0.511075462255227 0.22913337207162
0.00246017236384216 0.317042135708902 0.0289475004868166 0.316342985023795 0.0628515599778933 0.315448064769436 0.290711406891126 0.317107073598661 0.963248090906427 0.291681498034426 0.0809901393949986 0.314969284872594 0.694948773983906 0.298763437381772 0.270323383917098 0.309971707653532
0.336330324999591 0.240491871621092 0.0204770799966082 0.159622243039325 0.198711896117085 0.20525667487765 0.410414837325491 0.154379384591728 0.772837673420484 0.35225322819565 0.39357988210395 0.255149787893114 0.710796678370597 0.336368533939999 0.0949905575756238 0.178700335006035
0.027022858396492 0.181668619351256 0.149612769127449 0.204683212919102 0.372119387670141 0.2464558136281 0.364331885286362 0.176595444084805 0.8673696872176 0.339432342369145 0.22411098703742 0.218669243225379 0.983443247728015 0.361223579536964 0.312011024991747 0.235171283532406
0.425002086751477 0.335560919742046 0.076696257452225 0.386588175034028 0.999148079221974 0.25144778792452 0.251322980426706 0.397824276126071 0.974571057340754 0.25504835347455 0.840383584378287 0.274706992130175 0.338859399227715 0.348180935079302 0.164773933901820 0.373684681311973
0.00627199960837316 0.236304048326405 0.0679821069240224 0.231399194983555 0.970898620826724 0.15963342963044 0.157320388815432 0.236802560475932 0.823388195053032 0.171357878613498 0.779135435121134 0.174875184074856 0.914594332399465 0.164108616748437 0.406797619670859 0.20446940223817
0.0143042466540736 0.188655254039153 0.00371526273254343 0.189875060303368 0.0359623348193237 0.186160333675625 0.075107262706684 0.190303042892438 0.83700152916885 0.0938839987231631 0.388411713996902 0.145559652465279 0.865802485012587 0.0905662501446485 0.0381585202951978 0.185907342376299
0.643747406677588 0.345239559340518 0.0514722787200955 0.250600774378959 0.143909698183779 0.265371215766889 0.40216464530134 0.242376093504597 0.919813991421786 0.389351839116266 0.0438122809864581 0.249376794434335 0.661431698060125 0.348065306650085 0.0959807087707704 0.257712711959503
0.289781081598893 0.201531972782363 0.0971027638041981 0.171613132826927 0.061913334469444 0.166148963757776 0.311813847754967 0.156535141267005 0.86301581325477 0.290543120427862 0.192108072107658 0.186365434209778 0.620028054390289 0.252812295538977 0.184430484081849 0.185173268272183
0.0162053209556631 0.233876583333368 0.0105057854551057 0.233272979556561 0.694809516809531 0.305743502231388 0.338064404220948 0.232160374541922 0.791440014705033 0.315977061348413 0.686390711227432 0.30485191679516 0.755483834183463 0.312169156939312 0.575946944672705 0.293155476864084
0.584983174906849 0.261966526475206 0.0260336766690361 0.151130255736317 0.135405148981387 0.172817950518297 0.344261827450049 0.14596793669906 0.629236271955012 0.270741645266667 0.815450484398753 0.307666785965267 0.403566130811053 0.225992634952906 0.465087754814709 0.238191997141911
0.368477066171062 0.230402361709083 0.00472147116234819 0.162458191354284 0.357755444940071 0.228399721284046 0.348361514469353 0.161576290304839 0.859421090840145 0.322103451409127 0.55045507568866 0.26439316500984 0.70647328854941 0.293535061872782 0.441015636808619 0.243951494886193
0.10089320858137 0.246908050316856 0.226533367015346 0.251240571928012 0.361288280777595 0.255887402872524 0.277912465251632 0.243428891964574 0.915661682608168 0.275004178702944 0.0229330898728222 0.244219706849902 0.58471556247296 0.263591973915194 0.272360932132984 0.252820870128313
0.0157328861593915 0.228249073828052 0.0121133403532165 0.227805821529354 0.0168863400041435 0.228390326652442 0.348783164044203 0.22632241276925 0.678744130971914 0.309441928971536 0.056369022000581 0.233225405552075 0.769133100151236 0.320511030044204 0.29286644203062 0.262187057283542
0.371148032353844 0.444507709430283 0.100457141404485 0.374190736107305 0.942546197153485 0.592938967571626 0.607863657160896 0.348095132714566 0.548059131271307 0.490463644554251 0.716430867090821 0.534201321926553 0.729450931790011 0.537583524921658 0.447124583202761 0.464244025936827
0.0959461229090814 0.136263049107311 0.188512350467712 0.138271507247421 0.845682461012614 0.152530472885016 0.155878781717679 0.134181255599559 0.711118274775676 0.149610762939577 0.7547642798163 0.150557773273897 0.770421353261523 0.150897493033908 0.208089885625016 0.138696291327824
0.104297989094426 0.232545826767757 0.0296760192594952 0.193590769359517 0.494350567568428 0.436165760954672 0.700130953945263 0.178098937175794 0.707541888894468 0.547458456384253 0.855220971861854 0.624551665900383 0.458311203407716 0.417352058998766 0.394355321890338 0.38396504118598
0.372161863853356 0.28337092155847 0.088527380105566 0.249399467989563 0.0368861473561408 0.243214297140774 0.358568315785965 0.238796371556806 0.820853001296967 0.337111531448484 0.516870513558388 0.300702957880418 0.339999099648535 0.279518724757875 0.632337082393044 0.314532613323215
0.188667250740302 0.22674149275996 0.0200048711333276 0.181734958702851 0.237175561251633 0.239685641503553 0.443240720959477 0.176396780052294 0.988984994568886 0.440301433501124 0.66461960435845 0.353746494483475 0.562512676197813 0.326499879379164 0.592068660308749 0.334386714656717
0.167991692133893 0.194572624118062 0.0361456745059285 0.211332327277448 0.131733807136709 0.199181571742515 0.0888112782932237 0.215927011183067 0.587293156658743 0.141272811153201 0.628988428972661 0.135972686054976 0.761659790378408 0.119108068716391 0.485304884939204 0.154237125058999
0.283584904072729 0.181154854767538 0.0387340799216149 0.171068232822022 0.0537114014214972 0.171685223106819 0.210667551952579 0.169472583626511 0.88439597545054 0.205905247822898 0.830398737220094 0.2036808333043 0.544812512588775 0.191916117826251 0.548750350326078 0.192078336927112
0.104885810971037 0.221010801319037 0.074539132397347 0.213765583588648 0.9927109611331 0.432977541066828 0.434717786659364 0.195969492911322 0.83749523096944 0.395920050327398 0.581787714036182 0.334870316961034 0.707095357869141 0.364787303119741 0.538088208205743 0.324437134506384
0.17782403079218 0.253018050527367 0.0893091017555026 0.233615834426631 0.756752813315093 0.379917563046795 0.433236641910895 0.214039537965895 0.486827182000988 0.320750646382217 0.178243840578943 0.253110071616834 0.686505531304686 0.364519562270106 0.136043111184784 0.243859793949267
0.213607746352412 0.184549278162705 0.0365834653432541 0.185915197751743 0.290828561070079 0.18395344225306 0.178481474481752 0.186197475819262 0.960011148109424 0.178790028516425 0.84281911328435 0.179694282413881 0.934164676297224 0.178989459927498 0.135727600674533 0.185150201470920
0.0940568041053026 0.294807979628576 0.0446553578750678 0.291815414870975 0.0214386311525492 0.290409027741075 0.349686811875468 0.289110351347284 0.625161426598748 0.326980417829386 0.699550837278366 0.331486665029135 0.667608741562367 0.329551725928807 0.215439960772671 0.302160941627223
0.323081097375453 0.231085924473117 0.0920153582618153 0.181966623463599 0.00161429066888865 0.162749420308721 0.374983429419515 0.162406258966039 0.918823583331937 0.357727176456666 0.664422967936844 0.303647413474354 0.606192422925351 0.291268928981847 0.392428730278031 0.245827648053193
0.127916250438605 0.246299744898681 0.0399122885703731 0.22511105303101 0.176523719898222 0.25800295315184 0.456271130958856 0.215501381303759 0.938836391641795 0.441544784286449 0.644556058570743 0.370690982164513 0.92211137871259 0.437517907110506 0.632735531056221 0.36784495671405
0.359697970520785 0.295897371232785 0.115485888553398 0.295536203388981 0.38568737022862 0.29593580723226 0.29684432071009 0.295365410080875 0.963923444168752 0.296790966708206 0.758492596680298 0.296487152844286 0.741006862318164 0.296461293005879 0.0497896765096983 0.295439044562690
0.0368549083408309 0.299556311727897 0.0283064735438806 0.300062176666431 0.721312597060083 0.259052622472782 0.242560926705415 0.301737249687343 0.668724910639115 0.262164568389302 0.543420325033367 0.269579633018224 0.585577054973319 0.267084952751436 0.456220878543656 0.274739775627545
0.0549680111834845 0.266742039780952 0.0105562190513113 0.270597482078789 0.136236849827942 0.259686991944255 0.18470265052035 0.271513880437913 0.893654696849675 0.193934617082786 0.498184526106343 0.228265869000723 0.918795916072405 0.191752076920434 0.573499891868673 0.221727649467204
0.415312041461784 0.213387604719439 0.388602976803134 0.210496846249153 0.913027749530638 0.267256054149706 0.2766691793541 0.168437816435541 0.855579985693306 0.261038404372969 0.235789385391399 0.193957622978182 0.708089408836176 0.245075298222077 0.454919972656544 0.217674425095032
0.195029000731347 0.313694955098774 0.0138943664228674 0.26588133025504 0.421442104760262 0.373460616464824 0.52618099630263 0.262213671520858 0.997281692711528 0.525463451999757 0.419183385558426 0.372864388399682 0.508929410288331 0.396554406457434 0.371960821447806 0.360399174482066
0.0482148113400401 0.147158278245723 0.143427578446687 0.141830146254231 0.45621456746165 0.124326502432743 0.0938961237381547 0.149856392023646 0.915013429768353 0.0986519950089814 0.962047809036449 0.0960199385264972 0.908745478092895 0.0990027512663406 0.244450110840668 0.136176898238584
0.315500770356249 0.245783172125017 0.0236900008162771 0.109662169201073 0.438210253628466 0.303023478771771 0.565081605786875 0.0986114918204396 0.860268513053358 0.499901043146176 0.0415838395711035 0.118009110204334 0.67866257881711 0.415187302306012 0.587191585636662 0.372518817692505
0.164313214783515 0.213758459102149 0.0174850785348593 0.196151675071645 0.9909576775419 0.312884899698999 0.313969202903558 0.194054965208092 0.499895568118746 0.253999561186393 0.892045569838956 0.301023929704948 0.865459191090126 0.297835844364199 0.617772813662949 0.268134721227468
0.0115270318482196 0.171537726404976 0.0462646840980782 0.184241224908038 0.319854516180357 0.284292546664372 0.533020557222496 0.167322311074793 0.691783572001595 0.42030635006957 0.496235153404996 0.348794636351836 0.739417896129328 0.437726138859513 0.297673722797781 0.276181069426199
0.243765545081169 0.283279227799554 0.120935369739511 0.249416219787707 0.0119076714300993 0.219358411833795 0.491765239762986 0.216075590068554 0.97900251323272 0.485976449991651 0.82946700649336 0.444751058521797 0.907401746467572 0.466236859684315 0.449219490376984 0.339920754006496
0.0637109027109024 0.133386300917316 0.0383778567374529 0.131459888364775 0.94197610708295 0.200172628780736 0.204584966554086 0.128541503223244 0.757858907945513 0.186171719299551 0.840053219348192 0.192422059404704 0.823873217652436 0.19119167603906 0.469802355922194 0.164266901448557
0.174897000159551 0.227694340383313 0.0526130180548658 0.233042416139716 0.251580005055264 0.224340618069463 0.191608556505222 0.235343440374349 0.749848105878999 0.202548920544246 0.885883062379435 0.196599447519558 0.88540400985651 0.196620398826015 0.325718234697780 0.221098191205785
0.100118960982237 0.180614777371198 0.0646888086066259 0.183725473501372 0.453316199595291 0.149604770084353 0.101607031764766 0.189405020810819 0.778016540690567 0.121096733093621 0.405670182546601 0.153787994567282 0.643975176171501 0.132865295347383 0.287029386092785 0.164204417914749
0.275706941276685 0.348767011994394 0.0110471442639438 0.238351939808578 0.0815707749325243 0.267774133352776 0.650939352732531 0.233743112759218 0.887039190214997 0.603812527625887 0.878636905923486 0.600307126212282 0.629284203161709 0.496278116192885 0.500612653138067 0.442596829331484
0.287277678120913 0.217345130106847 0.0307294083415626 0.229595302282471 0.223692322358756 0.220381328934477 0.183312660646271 0.231062630607713 0.548923090087614 0.204851569544888 0.33342577656731 0.215141559792253 0.643831477349759 0.200319696904031 0.183146481695341 0.222317391608217
0.275067237463703 0.117972293777006 0.0110236724529743 0.13801527282727 0.149211870414048 0.127525703969135 0.0629442071361723 0.138852056090755 0.606243031659288 0.0928334516137935 0.047676739981398 0.1352330173136 0.660385291353517 0.0887236291428641 0.568333735183379 0.0957110647646612
0.192769461339524 0.296952869270796 0.138133122128251 0.294967267036028 0.0586306250471599 0.292077975071142 0.326289365541885 0.289947211886784 0.759178454406404 0.317537391928464 0.332177406642586 0.302019254239742 0.909632836622498 0.323005228205044 0.220010728602254 0.297942875591418
0.419678466077007 0.210109366968553 0.0424754226652891 0.132437864923501 0.749606626237099 0.27804629434542 0.329605871559818 0.123691567840181 0.781873396713922 0.284690483921436 0.836393687408417 0.295916991618385 0.896970688672069 0.308390662655013 0.321110355581171 0.189812783126843
0.104757957358104 0.206183224438569 0.0678350223092964 0.202148046366514 0.309633677713406 0.228573373357703 0.304021087405736 0.194734594695404 0.99943208895659 0.30395902239963 0.691028364934027 0.270254661062399 0.81086588487032 0.283351283311341 0.229239569860818 0.219787383275918
0.111816377965149 0.1708186420043 0.0371023111761473 0.161942682034767 0.0397535991640939 0.162257652522389 0.276334010308899 0.157534962806919 0.920044094055955 0.266835324840588 0.641181098530069 0.233706666588564 0.921273414145665 0.266981366896321 0.199242300453107 0.181204758322851
0.0184532087427521 0.146224966430095 0.0284426510231104 0.145791734823554 0.0482355422425531 0.144933337946088 0.103656314313492 0.147025262687392 0.893503478702738 0.108274956447633 0.0256896349601448 0.145911130235061 0.767692516390228 0.113731245577035 0.199570684596574 0.138370091970179
0.48000834494348 0.341395460355713 0.0131354782891635 0.144144025246741 0.703842333637848 0.435964193408303 0.561089316071968 0.138594351816482 0.997907226514504 0.560205129813019 0.759933929191902 0.459662610066946 0.574851157905399 0.381466071227948 0.222508204683804 0.232602947800918
0.308812309457145 0.276885540401336 0.00512325613472442 0.155499890232631 0.426409429737334 0.323889549097109 0.553155844804026 0.153452105598675 0.836762103559934 0.487909047216916 0.931859994539991 0.525920029832187 0.72269533249941 0.442316132304944 0.431882809994273 0.3260772796519
0.297039530021776 0.20611883380871 0.0626032070887494 0.187137314495531 0.976555029784771 0.261136914714375 0.263035174972724 0.1820685437114 0.923181921873803 0.256815473966877 0.471748830052093 0.220264457282189 0.584001809198647 0.229353202852733 0.172242717509964 0.196014456307478
0.0314517398096779 0.268173838706572 0.0393601759549401 0.27097266165034 0.953368893379322 0.594443512542201 0.610946422688534 0.257042959050484 0.873164066646518 0.566058746560972 0.621449809521437 0.476976199117327 0.96097740028460 0.597136189489092 0.104322963275336 0.293963217090611
0.23594257992408 0.225552595746046 0.0976367137379804 0.237722002116348 0.85828532450252 0.170793228199096 0.158323883822598 0.246312967047218 0.700772623788686 0.18465262633114 0.112214762950316 0.236439292930952 0.521463311860787 0.200429888301313 0.523639028979092 0.200238448946717
0.294093750837515 0.358357322220769 0.159780047251994 0.339402323193985 0.00272409235621455 0.317237827742451 0.457978223950693 0.316853390662819 0.948349124906482 0.450689002813947 0.438301643822342 0.378708637077048 0.645913481456756 0.408007823051794 0.0622580921415926 0.325639553537122
0.356625236339889 0.194173923147365 0.206961027299418 0.169777189812604 0.37268183042434 0.196791305396964 0.299050317069218 0.136040513381521 0.874792224226507 0.278640222120208 0.219560719095171 0.171831063098754 0.502380381841746 0.217933440802094 0.270131850551179 0.180074653309663
0.183477058735949 0.152043765150742 0.035887156516618 0.147912005668461 0.939336483512056 0.173203948189208 0.174902215182468 0.146907349543618 0.965496677761247 0.1739362993123 0.179677719483152 0.151937403158844 0.534547191196887 0.161871926338800 0.205947377890900 0.152672818716347
0.0339114563815984 0.15438876293111 0.0124236686098763 0.151235611313489 0.895381976964795 0.280802295788363 0.296154108272287 0.149412542731921 0.84527387339997 0.273449354225002 0.340663467999548 0.199402033348585 0.698448847609331 0.251904020079979 0.496960213963669 0.222337262540225
0.484922277297323 0.429775422854129 0.00210906523971293 0.356819622151549 0.764579517865275 0.472033209920392 0.507606573173502 0.356500930493047 0.897949247022232 0.492186128558772 0.0443437604699284 0.363201522917724 0.890087446914055 0.490998166200801 0.436890452337395 0.422517543074444
0.150417957062258 0.182453873562691 0.0712712199155858 0.189177951612022 0.701749756173766 0.135614317290985 0.110275838535974 0.1952329484781 0.788785974966373 0.128219971682075 0.664430123055354 0.138784885464826 0.672786905723718 0.138074917360907 0.276425146320645 0.171748666931369
0.103889495888675 0.227927250182789 0.0914582954090184 0.22883515625231 0.295484772616736 0.213934191755523 0.162480299425678 0.235514763877152 0.96124019711395 0.165311100871705 0.845483667217195 0.173765317039476 0.725581528473788 0.182522305529187 0.348348069381852 0.210073349187144
0.0896441773544155 0.379698691700101 0.0284992628264631 0.379093805222926 0.999915006139084 0.388703700851713 0.388704541667953 0.378811871413283 0.625824357127843 0.38500294541569 0.824718388728797 0.38697053848594 0.892302577186697 0.387639126576783 0.293771850885982 0.381718059464202
